6.0303008556365967e-01
5.9141767024993896e-01
5.8030229806900024e-01
5.6967669725418091e-01
5.5953079462051392e-01
5.4985332489013672e-01
5.4063266515731812e-01
5.3185510635375977e-01
5.2350378036499023e-01
5.1555842161178589e-01
5.0799524784088135e-01
5.0078725814819336e-01
4.9390581250190735e-01
4.8732128739356995e-01
4.8100426793098450e-01
4.7492635250091553e-01
4.6906089782714844e-01
4.6338337659835815e-01
4.5787134766578674e-01
4.5250481367111206e-01
4.4726613163948059e-01
4.4213980436325073e-01
4.3711245059967041e-01
4.3217265605926514e-01
4.2731082439422607e-01
4.2251893877983093e-01
4.1779044270515442e-01
4.1312003135681152e-01
4.0850377082824707e-01
4.0393847227096558e-01
3.9942204952239990e-01
3.9495310187339783e-01
3.9053082466125488e-01
3.8615494966506958e-01
3.8182589411735535e-01
3.7754404544830322e-01
3.7331032752990723e-01
3.6912587285041809e-01
3.6499190330505371e-01
3.6090978980064392e-01
3.5688099265098572e-01
3.5290703177452087e-01
3.4898951649665833e-01
3.4512981772422791e-01
3.4132957458496094e-01
3.3759033679962158e-01
3.3391344547271729e-01
3.3030024170875549e-01
3.2675209641456604e-01
3.2327023148536682e-01
3.1985560059547424e-01
3.1650933623313904e-01
3.1323218345642090e-01
3.1002473831176758e-01
3.0688759684562683e-01
3.0382102727890015e-01
3.0082523822784424e-01
2.9790014028549194e-01
2.9504546523094177e-01
2.9226076602935791e-01
2.8954541683197021e-01
2.8689858317375183e-01
2.8431922197341919e-01
2.8180611133575439e-01
2.7935788035392761e-01
2.7697291970252991e-01
2.7464956045150757e-01
2.7238595485687256e-01
2.7018013596534729e-01
2.6802995800971985e-01
2.6593336462974548e-01
2.6388806104660034e-01
2.6189172267913818e-01
2.5994205474853516e-01
2.5803673267364502e-01
2.5617337226867676e-01
2.5434955954551697e-01
2.5256308913230896e-01
2.5081154704093933e-01
2.4909284710884094e-01
2.4740469455718994e-01
2.4574498832225800e-01
2.4411168694496155e-01
2.4250283837318420e-01
2.4091652035713196e-01
2.3935090005397797e-01
2.3780421912670135e-01
2.3627480864524841e-01
2.3476102948188782e-01
2.3326139152050018e-01
2.3177433013916016e-01
2.3029845952987671e-01
2.2883236408233643e-01
2.2737474739551544e-01
2.2592429816722870e-01
2.2447982430458069e-01
2.2304011881351471e-01
2.2160401940345764e-01
2.2017054259777069e-01
2.1873855590820312e-01
2.1730713546276093e-01
2.1587540209293365e-01
2.1444249153137207e-01
2.1300768852233887e-01
2.1157029271125793e-01
2.1012976765632629e-01
2.0868562161922455e-01
2.0723745226860046e-01
2.0578500628471375e-01
2.0432810485363007e-01
2.0286674797534943e-01
2.0140096545219421e-01
1.9993095099925995e-01
1.9845701754093170e-01
1.9697956740856171e-01
1.9549913704395294e-01
1.9401630759239197e-01
1.9253182411193848e-01
1.9104658067226410e-01
1.8956139683723450e-01
1.8807728588581085e-01
1.8659532070159912e-01
1.8511660397052765e-01
1.8364228308200836e-01
1.8217357993125916e-01
1.8071171641349792e-01
1.7925788462162018e-01
1.7781338095664978e-01
1.7637941241264343e-01
1.7495714128017426e-01
1.7354777455329895e-01
1.7215238511562347e-01
1.7077204585075378e-01
1.6940769553184509e-01
1.6806025803089142e-01
1.6673046350479126e-01
1.6541908681392670e-01
1.6412666440010071e-01
1.6285364329814911e-01
1.6160041093826294e-01
1.6036717593669891e-01
1.5915404260158539e-01
1.5796104073524475e-01
1.5678799152374268e-01
1.5563473105430603e-01
1.5450090169906616e-01
1.5338602662086487e-01
1.5228958427906036e-01
1.5121099352836609e-01
1.5014955401420593e-01
1.4910452067852020e-01
1.4807507395744324e-01
1.4706037938594818e-01
1.4605955779552460e-01
1.4507173001766205e-01
1.4409597218036652e-01
1.4313139021396637e-01
1.4217710494995117e-01
1.4123223721981049e-01
1.4029596745967865e-01
1.3936750590801239e-01
1.3844607770442963e-01
1.3753101229667664e-01
1.3662165403366089e-01
1.3571742177009583e-01
1.3481779396533966e-01
1.3392232358455658e-01
1.3303063809871674e-01
1.3214237987995148e-01
1.3125732541084290e-01
1.3037526607513428e-01
1.2949612736701965e-01
1.2861980497837067e-01
1.2774635851383209e-01
1.2687589228153229e-01
1.2600854039192200e-01
1.2514455616474152e-01
1.2428423762321472e-01
1.2342797964811325e-01
1.2257624417543411e-01
1.2172953784465790e-01
1.2088847160339355e-01
1.2005373090505600e-01
1.1922603845596313e-01
1.1840616166591644e-01
1.1759498715400696e-01
1.1679337918758392e-01
1.1600222438573837e-01
1.1522249132394791e-01
1.1445511132478714e-01
1.1370097100734711e-01
1.1296095699071884e-01
1.1223586648702621e-01
1.1152647435665131e-01
1.1083336919546127e-01
1.1015710979700089e-01
1.0949803143739700e-01
1.0885640233755112e-01
1.0823227465152740e-01
1.0762559622526169e-01
1.0703610628843307e-01
1.0646346956491470e-01
1.0590715706348419e-01
1.0536657273769379e-01
1.0484103858470917e-01
1.0432980954647064e-01
1.0383210331201553e-01
1.0334716737270355e-01
1.0287424176931381e-01
1.0241257399320602e-01
1.0196153074502945e-01
1.0152047872543335e-01
1.0108889639377594e-01
1.0066628456115723e-01
1.0025226324796677e-01
9.9846445024013519e-02
9.9448546767234802e-02
9.9058292806148529e-02
9.8675452172756195e-02
9.8299801349639893e-02
9.7931146621704102e-02
9.7569264471530914e-02
9.7213938832283020e-02
9.6864983439445496e-02
9.6522174775600433e-02
9.6185274422168732e-02
9.5854066312313080e-02
9.5528304576873779e-02
9.5207773149013519e-02
9.4892226159572601e-02
9.4581440091133118e-02
9.4275206327438354e-02
9.3973308801651001e-02
9.3675576150417328e-02
9.3381792306900024e-02
9.3091808259487152e-02
9.2805445194244385e-02
9.2522569000720978e-02
9.2243053019046783e-02
9.1966740787029266e-02
9.1693557798862457e-02
9.1423355042934418e-02
9.1156065464019775e-02
9.0891577303409576e-02
9.0629801154136658e-02
9.0370662510395050e-02
9.0114079415798187e-02
8.9859969913959503e-02
8.9608259499073029e-02
8.9358896017074585e-02
8.9111790060997009e-02
8.8866896927356720e-02
8.8624149560928345e-02
8.8383503258228302e-02
8.8144853711128235e-02
8.7908186018466949e-02
8.7673448026180267e-02
8.7440572679042816e-02
8.7209545075893402e-02
8.6980268359184265e-02
8.6752757430076599e-02
8.6526937782764435e-02
8.6302787065505981e-02
8.6080260574817657e-02
8.5859328508377075e-02
8.5639953613281250e-02
8.5422113537788391e-02
8.5205763578414917e-02
8.4990888833999634e-02
8.4777437150478363e-02
8.4565401077270508e-02
8.4354743361473083e-02
8.4145456552505493e-02
8.3937466144561768e-02
8.3730794489383698e-02
8.3525389432907104e-02
8.3321236073970795e-02
8.3118297159671783e-02
8.2916557788848877e-02
8.2715980708599091e-02
8.2516551017761230e-02
8.2318238914012909e-02
8.2121022045612335e-02
8.1924878060817719e-02
8.1729784607887268e-02
8.1535696983337402e-02
8.1342607736587524e-02
8.1150501966476440e-02
8.0959342420101166e-02
8.0769099295139313e-02
8.0579772591590881e-02
8.0391317605972290e-02
8.0203719437122345e-02
8.0016970634460449e-02
7.9831019043922424e-02
7.9645872116088867e-02
7.9461477696895599e-02
7.9277843236923218e-02
7.9094924032688141e-02
7.8912727534770966e-02
7.8731194138526917e-02
7.8550316393375397e-02
7.8370086848735809e-02
7.8190475702285767e-02
7.8011468052864075e-02
7.7833004295825958e-02
7.7655129134654999e-02
7.7477775514125824e-02
7.7300935983657837e-02
7.7124580740928650e-02
7.6948709785938263e-02
7.6773278415203094e-02
7.6598286628723145e-02
7.6423689723014832e-02
7.6249495148658752e-02
7.6075658202171326e-02
7.5902171432971954e-02
7.5729005038738251e-02
7.5556151568889618e-02
7.5383588671684265e-02
7.5211279094219208e-02
7.5039215385913849e-02
7.4867375195026398e-02
7.4695736169815063e-02
7.4524275958538055e-02
7.4352979660034180e-02
7.4181824922561646e-02
7.4010781943798065e-02
7.3839828372001648e-02
7.3668956756591797e-02
7.3498137295246124e-02
7.3327347636222839e-02
7.3156565427780151e-02
7.2985775768756866e-02
7.2814948856830597e-02
7.2644062340259552e-02
7.2473108768463135e-02
7.2302058339118958e-02
7.2130866348743439e-02
7.1959540247917175e-02
7.1788050234317780e-02
7.1616366505622864e-02
7.1444466710090637e-02
7.1272328495979309e-02
7.1099936962127686e-02
7.0927247405052185e-02
7.0754259824752808e-02
7.0580936968326569e-02
7.0407256484031677e-02
7.0233196020126343e-02
7.0058740675449371e-02
6.9883845746517181e-02
6.9708488881587982e-02
6.9532662630081177e-02
6.9356322288513184e-02
6.9179452955722809e-02
6.9002024829387665e-02
6.8824023008346558e-02
6.8645402789115906e-02
6.8466134369373322e-02
6.8286217749118805e-02
6.8105608224868774e-02
6.7924283444881439e-02
6.7742206156253815e-02
6.7559361457824707e-02
6.7375704646110535e-02
6.7191228270530701e-02
6.7005895078182220e-02
6.6819667816162109e-02
6.6632539033889771e-02
6.6444456577301025e-02
6.6255405545234680e-02
6.6065341234207153e-02
6.5874256193637848e-02
6.5682113170623779e-02
6.5488874912261963e-02
6.5294511616230011e-02
6.5099000930786133e-02
6.4902313053607941e-02
6.4704410731792450e-02
6.4505271613597870e-02
6.4304858446121216e-02
6.4103148877620697e-02
6.3900105655193329e-02
6.3695706427097321e-02
6.3489921391010284e-02
6.3282705843448639e-02
6.3074052333831787e-02
6.2863908708095551e-02
6.2652274966239929e-02
6.2439091503620148e-02
6.2224354594945908e-02
6.2008019536733627e-02
6.1790075153112411e-02
6.1570484191179276e-02
6.1349213123321533e-02
6.1126258224248886e-02
6.0901574790477753e-02
6.0675147920846939e-02
6.0446947813034058e-02
6.0216967016458511e-02
5.9985172003507614e-02
5.9751547873020172e-02
5.9516068547964096e-02
5.9278730303049088e-02
5.9039510786533356e-02
5.8798391371965408e-02
5.8555357158184052e-02
5.8310411870479584e-02
5.8063529431819916e-02
5.7814713567495346e-02
5.7563956826925278e-02
5.7311251759529114e-02
5.7056605815887451e-02
5.6800004094839096e-02
5.6541476398706436e-02
5.6281015276908875e-02
5.6018628180027008e-02
5.5754330009222031e-02
5.5488139390945435e-02
5.5220078676939011e-02
5.4950162768363953e-02
5.4678425192832947e-02
5.4404903203248978e-02
5.4129604250192642e-02
5.3852584213018417e-02
5.3573884069919586e-02
5.3293548524379730e-02
5.3011622279882431e-02
5.2728168666362762e-02
5.2443232387304306e-02
5.2156887948513031e-02
5.1869198679924011e-02
5.1580231636762619e-02
5.1290065050125122e-02
5.0998788326978683e-02
5.0706475973129272e-02
5.0413213670253754e-02
5.0119105726480484e-02
4.9824245274066925e-02
4.9528732895851135e-02
4.9232676625251770e-02
4.8936184495687485e-02
4.8639371991157532e-02
4.8342354595661163e-02
4.8045251518487930e-02
4.7748193144798279e-02
4.7451291233301163e-02
4.7154687345027924e-02
4.6858489513397217e-02
4.6562857925891876e-02
4.6267904341220856e-02
4.5973777770996094e-02
4.5680589973926544e-02
4.5388501137495041e-02
4.5097619295120239e-02
4.4808097183704376e-02
4.4520050287246704e-02
4.4233605265617371e-02
4.3948903679847717e-02
4.3666053563356400e-02
4.3385174125432968e-02
4.3106380850076675e-02
4.2829792946577072e-02
4.2555514723062515e-02
4.2283635586500168e-02
4.2014259845018387e-02
4.1747469455003738e-02
4.1483350098133087e-02
4.1221976280212402e-02
4.0963418781757355e-02
4.0707744657993317e-02
4.0455006062984467e-02
4.0205240249633789e-02
3.9958506822586060e-02
3.9714824408292770e-02
3.9474233984947205e-02
3.9236754179000854e-02
3.9002381265163422e-02
3.8771141320466995e-02
3.8543030619621277e-02
3.8318049162626266e-02
3.8096178323030472e-02
3.7877414375543594e-02
3.7661734968423843e-02
3.7449114024639130e-02
3.7239529192447662e-02
3.7032946944236755e-02
3.6829333752393723e-02
3.6628656089305878e-02
3.6430872976779938e-02
3.6235950887203217e-02
3.6043845117092133e-02
3.5854510962963104e-02
3.5667914897203445e-02
3.5484008491039276e-02
3.5302739590406418e-02
3.5124082118272781e-02
3.4947980195283890e-02
3.4774396568536758e-02
3.4603286534547806e-02
3.4434609115123749e-02
3.4268323332071304e-02
3.4104391932487488e-02
3.3942770212888718e-02
3.3783428370952606e-02
3.3626314252614975e-02
3.3471405506134033e-02
3.3318661153316498e-02
3.3168040215969086e-02
3.3019512891769409e-02
3.2873041927814484e-02
3.2728593796491623e-02
3.2586142420768738e-02
3.2445643097162247e-02
3.2307080924510956e-02
3.2170400023460388e-02
3.2035589218139648e-02
3.1902611255645752e-02
3.1771436333656311e-02
3.1642027199268341e-02
3.1514365226030350e-02
3.1388409435749054e-02
3.1264141201972961e-02
3.1141519546508789e-02
3.1020523980259895e-02
3.0901120975613594e-02
3.0783284455537796e-02
3.0666984617710114e-02
3.0552193522453308e-02
3.0438883230090141e-02
3.0327029526233673e-02
3.0216597020626068e-02
3.0107567086815834e-02
2.9999904334545135e-02
2.9893590137362480e-02
2.9788592830300331e-02
2.9684886336326599e-02
2.9582450166344643e-02
2.9481254518032074e-02
2.9381273314356804e-02
2.9282486066222191e-02
2.9184868559241295e-02
2.9088390991091728e-02
2.8993032872676849e-02
2.8898773714900017e-02
2.8805589303374290e-02
2.8713455423712730e-02
2.8622347861528397e-02
2.8532249853014946e-02
2.8443137183785439e-02
2.8354989364743233e-02
2.8267785906791687e-02
2.8181510046124458e-02
2.8096131980419159e-02
2.8011646121740341e-02
2.7928024530410767e-02
2.7845246717333794e-02
2.7763301506638527e-02
2.7682164683938026e-02
2.7601823210716248e-02
2.7522252872586250e-02
2.7443444356322289e-02
2.7365382760763168e-02
2.7288043871521950e-02
2.7211422100663185e-02
2.7135489508509636e-02
2.7060238644480705e-02
2.6985654607415199e-02
2.6911724358797073e-02
2.6838429272174835e-02
2.6765760034322739e-02
2.6693703606724739e-02
2.6622241362929344e-02
2.6551369577646255e-02
2.6481065899133682e-02
2.6411326602101326e-02
2.6342131197452545e-02
2.6273477822542191e-02
2.6205349713563919e-02
2.6137735694646835e-02
2.6070628315210342e-02
2.6004014536738396e-02
2.5937885046005249e-02
2.5872230529785156e-02
2.5807037949562073e-02
2.5742307305335999e-02
2.5678019970655441e-02
2.5614166632294655e-02
2.5550747290253639e-02
2.5487747043371201e-02
2.5425156578421593e-02
2.5362974032759666e-02
2.5301184505224228e-02
2.5239786133170128e-02
2.5178765878081322e-02
2.5118123739957809e-02
2.5057844817638397e-02
2.4997929111123085e-02
2.4938363581895828e-02
2.4879146367311478e-02
2.4820271879434586e-02
2.4761730805039406e-02
2.4703517556190491e-02
2.4645624682307243e-02
2.4588050320744514e-02
2.4530787020921707e-02
2.4473829194903374e-02
2.4417171254754066e-02
2.4360805749893188e-02
2.4304732680320740e-02
2.4248942732810974e-02
2.4193432182073593e-02
2.4138197302818298e-02
2.4083228781819344e-02
2.4028532207012177e-02
2.3974094539880753e-02
2.3919912055134773e-02
2.3865982890129089e-02
2.3812301456928253e-02
2.3758864030241966e-02
2.3705665022134781e-02
2.3652706295251846e-02
2.3599972948431969e-02
2.3547472432255745e-02
2.3495193570852280e-02
2.3443138226866722e-02
2.3391298949718475e-02
2.3339672014117241e-02
2.3288255557417870e-02
2.3237043991684914e-02
2.3186039179563522e-02
2.3135231807827950e-02
2.3084620013833046e-02
2.3034201934933662e-02
2.2983971983194351e-02
2.2933932021260262e-02
2.2884076461195946e-02
2.2834397852420807e-02
2.2784898057579994e-02
2.2735575214028358e-02
2.2686420008540154e-02
2.2637438029050827e-02
2.2588618099689484e-02
2.2539963945746422e-02
2.2491468116641045e-02
2.2443128749728203e-02
2.2394945845007896e-02
2.2346911951899529e-02
2.2299028933048248e-02
2.2251293063163757e-02
2.2203698754310608e-02
2.2156249731779099e-02
2.2108936682343483e-02
2.2061755880713463e-02
2.2014711052179337e-02
2.1967800334095955e-02
2.1921010687947273e-02
2.1874353289604187e-02
2.1827813237905502e-02
2.1781394258141518e-02
2.1735098212957382e-02
2.1688912063837051e-02
2.1642839536070824e-02
2.1596880629658699e-02
2.1551029756665230e-02
2.1505283191800117e-02
2.1459637209773064e-02
2.1414093673229218e-02
2.1368646994233131e-02
2.1323299035429955e-02
2.1278042346239090e-02
2.1232878789305687e-02
2.1187799051403999e-02
2.1142808720469475e-02
2.1097900345921516e-02
2.1053073927760124e-02
2.1008323878049850e-02
2.0963652059435844e-02
2.0919054746627808e-02
2.0874528214335442e-02
2.0830068737268448e-02
2.0785680040717125e-02
2.0741349086165428e-02
2.0697083324193954e-02
2.0652875304222107e-02
2.0608723163604736e-02
2.0564628764986992e-02
2.0520584657788277e-02
2.0476587116718292e-02
2.0432639867067337e-02
2.0388733595609665e-02
2.0344868302345276e-02
2.0301043987274170e-02
2.0257256925106049e-02
2.0213503390550613e-02
2.0169779658317566e-02
2.0126085728406906e-02
2.0082417875528336e-02
2.0038772374391556e-02
1.9995149224996567e-02
1.9951546564698219e-02
1.9907955080270767e-02
1.9864384084939957e-02
1.9820818677544594e-02
1.9777262583374977e-02
1.9733710214495659e-02
1.9690163433551788e-02
1.9646611064672470e-02
1.9603060558438301e-02
1.9559504464268684e-02
1.9515940919518471e-02
1.9472366198897362e-02
1.9428776577115059e-02
1.9385172054171562e-02
1.9341548904776573e-02
1.9297905266284943e-02
1.9254235550761223e-02
1.9210539758205414e-02
1.9166814163327217e-02
1.9123055040836334e-02
1.9079264253377914e-02
1.9035434350371361e-02
1.8991563469171524e-02
1.8947651609778404e-02
1.8903693184256554e-02
1.8859690055251122e-02
1.8815632909536362e-02
1.8771523609757423e-02
1.8727358430624008e-02
1.8683139234781265e-02
1.8638856709003448e-02
1.8594514578580856e-02
1.8550107255578041e-02
1.8505632877349854e-02
1.8461091443896294e-02
1.8416479229927063e-02
1.8371794372797012e-02
1.8327036872506142e-02
1.8282204866409302e-02
1.8237290903925896e-02
1.8192304298281670e-02
1.8147235736250877e-02
1.8102085217833519e-02
1.8056854605674744e-02
1.8011542037129402e-02
1.7966151237487793e-02
1.7920671030879021e-02
1.7875112593173981e-02
1.7829470336437225e-02
1.7783746123313904e-02
1.7737939953804016e-02
1.7692055553197861e-02
1.7646092921495438e-02
1.7600052058696747e-02
1.7553936690092087e-02
1.7507748678326607e-02
1.7461493611335754e-02
1.7415171489119530e-02
1.7368784174323082e-02
1.7322342842817307e-02
1.7275843769311905e-02
1.7229298129677773e-02
1.7182709649205208e-02
1.7136082053184509e-02
1.7089428380131721e-02
1.7042746767401695e-02
1.6996050253510475e-02
1.6949344426393509e-02
1.6902642324566841e-02
1.6855947673320770e-02
1.6809273511171341e-02
1.6762631013989449e-02
1.6716025769710541e-02
1.6669472679495811e-02
1.6622982919216156e-02
1.6576567664742470e-02
1.6530239954590797e-02
1.6484014689922333e-02
1.6437901183962822e-02
1.6391912475228310e-02
1.6346063464879990e-02
1.6300369054079056e-02
1.6254840418696404e-02
1.6209492459893227e-02
1.6164338216185570e-02
1.6119388863444328e-02
1.6074661165475845e-02
1.6030166298151016e-02
1.5985915437340736e-02
1.5941921621561050e-02
1.5898192301392555e-02
1.5854740515351295e-02
1.5811577439308167e-02
1.5768706798553467e-02
1.5726139768958092e-02
1.5683883801102638e-02
1.5641940757632256e-02
1.5600317157804966e-02
1.5559017658233643e-02
1.5518044121563435e-02
1.5477394685149193e-02
1.5437073074281216e-02
1.5397076494991779e-02
1.5357406809926033e-02
1.5318058431148529e-02
1.5279027633368969e-02
1.5240311622619629e-02
1.5201903879642487e-02
1.5163801610469818e-02
1.5125994570553303e-02
1.5088482759892941e-02
1.5051254071295261e-02
1.5014302916824818e-02
1.4977622777223587e-02
1.4941208064556122e-02
1.4905052259564400e-02
1.4869146049022675e-02
1.4833484776318073e-02
1.4798063784837723e-02
1.4762874692678452e-02
1.4727916568517685e-02
1.4693178236484528e-02
1.4658659696578979e-02
1.4624355360865593e-02
1.4590261504054070e-02
1.4556376263499260e-02
1.4522694982588291e-02
1.4489215798676014e-02
1.4455935917794704e-02
1.4422856271266937e-02
1.4389971271157265e-02
1.4357281848788261e-02
1.4324785210192204e-02
1.4292485080659389e-02
1.4260374009609222e-02
1.4228457584977150e-02
1.4196731150150299e-02
1.4165196567773819e-02
1.4133853837847710e-02
1.4102699235081673e-02
1.4071736484766006e-02
1.4040963724255562e-02
1.4010381884872913e-02
1.3979988172650337e-02
1.3949786312878132e-02
1.3919772580265999e-02
1.3889951631426811e-02
1.3860318809747696e-02
1.3830875046551228e-02
1.3801621273159981e-02
1.3772556558251381e-02
1.3743681833148003e-02
1.3714997097849846e-02
1.3686499558389187e-02
1.3658192008733749e-02
1.3630073517560959e-02
1.3602143153548241e-02
1.3574401848018169e-02
1.3546850532293320e-02
1.3519483618438244e-02
1.3492308557033539e-02
1.3465319760143757e-02
1.3438519090414047e-02
1.3411905616521835e-02
1.3385481201112270e-02
1.3359243050217628e-02
1.3333193026483059e-02
1.3307326473295689e-02
1.3281648978590965e-02
1.3256157748401165e-02
1.3230851851403713e-02
1.3205731287598610e-02
1.3180796988308430e-02
1.3156048022210598e-02
1.3131480664014816e-02
1.3107102364301682e-02
1.3082904741168022e-02
1.3058892451226711e-02
1.3035063631832600e-02
1.3011418282985687e-02
1.2987953610718250e-02
1.2964672408998013e-02
1.2941572815179825e-02
1.2918653897941113e-02
1.2895915657281876e-02
1.2873356230556965e-02
1.2850980274379253e-02
1.2828781269490719e-02
1.2806762009859085e-02
1.2784918770194054e-02
1.2763256207108498e-02
1.2741769663989544e-02
1.2720459140837193e-02
1.2699322775006294e-02
1.2678364291787148e-02
1.2657579965889454e-02
1.2636969797313213e-02
1.2616533786058426e-02
1.2596270069479942e-02
1.2576176784932613e-02
1.2556256726384163e-02
1.2536508031189442e-02
1.2516929768025875e-02
1.2497518211603165e-02
1.2478277087211609e-02
1.2459202669560909e-02
1.2440295889973640e-02
1.2421555817127228e-02
1.2402981519699097e-02
1.2384571135044098e-02
1.2366323731839657e-02
1.2348240241408348e-02
1.2330319732427597e-02
1.2312561273574829e-02
1.2294961139559746e-02
1.2277522124350071e-02
1.2260240502655506e-02
1.2243118137121201e-02
1.2226152233779430e-02
1.2209341861307621e-02
1.2192687019705772e-02
1.2176185846328735e-02
1.2159837409853935e-02
1.2143641710281372e-02
1.2127597816288471e-02
1.2111702933907509e-02
1.2095958925783634e-02
1.2080361135303974e-02
1.2064909562468529e-02
1.2049606069922447e-02
1.2034446001052856e-02
1.2019429355859756e-02
1.2004559859633446e-02
1.1989828199148178e-02
1.1975239962339401e-02
1.1960789561271667e-02
1.1946477927267551e-02
1.1932305060327053e-02
1.1918267235159874e-02
1.1904364451766014e-02
1.1890597641468048e-02
1.1876962147653103e-02
1.1863459832966328e-02
1.1850088834762573e-02
1.1836846359074116e-02
1.1823731474578381e-02
1.1810745112597942e-02
1.1797885410487652e-02
1.1785149574279785e-02
1.1772537603974342e-02
1.1760050430893898e-02
1.1747682467103004e-02
1.1735436506569386e-02
1.1723309755325317e-02
1.1711301282048225e-02
1.1699410155415535e-02
1.1687633581459522e-02
1.1675973422825336e-02
1.1664424091577530e-02
1.1652989313006401e-02
1.1641664430499077e-02
1.1630451306700706e-02
1.1619346216320992e-02
1.1608349159359932e-02
1.1597457341849804e-02
1.1586672626435757e-02
1.1575991287827492e-02
1.1565411463379860e-02
1.1554935947060585e-02
1.1544560082256794e-02
1.1534283868968487e-02
1.1524106375873089e-02
1.1514025740325451e-02
1.1504041962325573e-02
1.1494154110550880e-02
1.1484359391033649e-02
1.1474656872451305e-02
1.1465047486126423e-02
1.1455528438091278e-02
1.1446097865700722e-02
1.1436757631599903e-02
1.1427503079175949e-02
1.1418334208428860e-02
1.1409251950681210e-02
1.1400255374610424e-02
1.1391340754926205e-02
1.1382507160305977e-02
1.1373755522072315e-02
1.1365083046257496e-02
1.1356490664184093e-02
1.1347974650561810e-02
1.1339535936713219e-02
1.1331174522638321e-02
1.1322887614369392e-02
1.1314674280583858e-02
1.1306534521281719e-02
1.1298466473817825e-02
1.1290470138192177e-02
1.1282541789114475e-02
1.1274683289229870e-02
1.1266892775893211e-02
1.1259171180427074e-02
1.1251514777541161e-02
1.1243923567235470e-02
1.1236396618187428e-02
1.1228934861719608e-02
1.1221534572541714e-02
1.1214195750653744e-02
1.1206919327378273e-02
1.1199702508747578e-02
1.1192544363439083e-02
1.1185444891452789e-02
1.1178405024111271e-02
1.1171418242156506e-02
1.1164491064846516e-02
1.1157616972923279e-02
1.1150797829031944e-02
1.1144031770527363e-02
1.1137319728732109e-02
1.1130660772323608e-02
1.1124050244688988e-02
1.1117492802441120e-02
1.1110984720289707e-02
1.1104525066912174e-02
1.1098114773631096e-02
1.1091751977801323e-02
1.1085435748100281e-02
1.1079167015850544e-02
1.1072942987084389e-02
1.1066763661801815e-02
1.1060629040002823e-02
1.1054539121687412e-02
1.1048491112887859e-02
1.1042486876249313e-02
1.1036523617804050e-02
1.1030602268874645e-02
1.1024722829461098e-02
1.1018880642950535e-02
1.1013079434633255e-02
1.1007318273186684e-02
1.1001593433320522e-02
1.0995908640325069e-02
1.0990259237587452e-02
1.0984646156430244e-02
1.0979071259498596e-02
1.0973530821502209e-02
1.0968026705086231e-02
1.0962556116282940e-02
1.0957119055092335e-02
1.0951716452836990e-02
1.0946347378194332e-02
1.0941011831164360e-02
1.0935707017779350e-02
1.0930434800684452e-02
1.0925193317234516e-02
1.0919982567429543e-02
1.0914804413914680e-02
1.0909654200077057e-02
1.0904533788561821e-02
1.0899443179368973e-02
1.0894380509853363e-02
1.0889346711337566e-02
1.0884341783821583e-02
1.0879363864660263e-02
1.0874412022531033e-02
1.0869489051401615e-02
1.0864590294659138e-02
1.0859719477593899e-02
1.0854873806238174e-02
1.0850053280591965e-02
1.0845257900655270e-02
1.0840487666428089e-02
1.0835743509232998e-02
1.0831020772457123e-02
1.0826321318745613e-02
1.0821647010743618e-02
1.0816994123160839e-02
1.0812366381287575e-02
1.0807760059833527e-02
1.0803175158798695e-02
1.0798613540828228e-02
1.0794071480631828e-02
1.0789554566144943e-02
1.0785057209432125e-02
1.0780578479170799e-02
1.0776121169328690e-02
1.0771685279905796e-02
1.0767268016934395e-02
1.0762873105704784e-02
1.0758494958281517e-02
1.0754138231277466e-02
1.0749799199402332e-02
1.0745478793978691e-02
1.0741178877651691e-02
1.0736895725131035e-02
1.0732631199061871e-02
1.0728384368121624e-02
1.0724156163632870e-02
1.0719944722950459e-02
1.0715750977396965e-02
1.0711574926972389e-02
1.0707412846386433e-02
1.0703272186219692e-02
1.0699144564568996e-02
1.0695034638047218e-02
1.0690939612686634e-02
1.0686862282454967e-02
1.0682799853384495e-02
1.0678752325475216e-02
1.0674720630049706e-02
1.0670706629753113e-02
1.0666704736649990e-02
1.0662718676030636e-02
1.0658747516572475e-02
1.0654791258275509e-02
1.0650849901139736e-02
1.0646922513842583e-02
1.0643010027706623e-02
1.0639110580086708e-02
1.0635224170982838e-02
1.0631351731717587e-02
1.0627493262290955e-02
1.0623649694025517e-02
1.0619817301630974e-02
1.0616000741720200e-02
1.0612195357680321e-02
1.0608403012156487e-02
1.0604623705148697e-02
1.0600857436656952e-02
1.0597102344036102e-02
1.0593361221253872e-02
1.0589631274342537e-02
1.0585915297269821e-02
1.0582209564745426e-02
1.0578515939414501e-02
1.0574836283922195e-02
1.0571166872978210e-02
1.0567509569227695e-02
1.0563861578702927e-02
1.0560226626694202e-02
1.0556604713201523e-02
1.0552992112934589e-02
1.0549390688538551e-02
1.0545802302658558e-02
1.0542223230004311e-02
1.0538655333220959e-02
1.0535097680985928e-02
1.0531550273299217e-02
1.0528014041483402e-02
1.0524488985538483e-02
1.0520973242819309e-02
1.0517469607293606e-02
1.0513973422348499e-02
1.0510491207242012e-02
1.0507015511393547e-02
1.0503550991415977e-02
1.0500097647309303e-02
1.0496653616428375e-02
1.0493217967450619e-02
1.0489792563021183e-02
1.0486376471817493e-02
1.0482971556484699e-02
1.0479573160409927e-02
1.0476186871528625e-02
1.0472808964550495e-02
1.0469439439475536e-02
1.0466080158948898e-02
1.0462730191648006e-02
1.0459388606250286e-02
1.0456055402755737e-02
1.0452732443809509e-02
1.0449417866766453e-02
1.0446112602949142e-02
1.0442814789712429e-02
1.0439525358378887e-02
1.0436245240271091e-02
1.0432974435389042e-02
1.0429711081087589e-02
1.0426457040011883e-02
1.0423211380839348e-02
1.0419973172247410e-02
1.0416741482913494e-02
1.0413521900773048e-02
1.0410307906568050e-02
1.0407102294266224e-02
1.0403905063867569e-02
1.0400716215372086e-02
1.0397532954812050e-02
1.0394359007477760e-02
1.0391194373369217e-02
1.0388036258518696e-02
1.0384885594248772e-02
1.0381743311882019e-02
1.0378607548773289e-02
1.0375480167567730e-02
1.0372359305620193e-02
1.0369246825575829e-02
1.0366140864789486e-02
1.0363044217228889e-02
1.0359954088926315e-02
1.0356869548559189e-02
1.0353793390095234e-02
1.0350723750889301e-02
1.0347663424909115e-02
1.0344606824219227e-02
1.0341559536755085e-02
1.0338518768548965e-02
1.0335485450923443e-02
1.0332458652555943e-02
1.0329438373446465e-02
1.0326424613595009e-02
1.0323418304324150e-02
1.0320418514311314e-02
1.0317426174879074e-02
1.0314439423382282e-02
1.0311460122466087e-02
1.0308487340807915e-02
1.0305520147085190e-02
1.0302561335265636e-02
1.0299608111381531e-02
1.0296660475432873e-02
1.0293719358742237e-02
1.0290784761309624e-02
1.0287857614457607e-02
1.0284935124218464e-02
1.0282021015882492e-02
1.0279111564159393e-02
1.0276208631694317e-02
1.0273311287164688e-02
1.0270420461893082e-02
1.0267536155879498e-02
1.0264658369123936e-02
1.0261786170303822e-02
1.0258918628096581e-02
1.0256058536469936e-02
1.0253204032778740e-02
1.0250355117022991e-02
1.0247510857880116e-02
1.0244674980640411e-02
1.0241843760013580e-02
1.0239018127322197e-02
1.0236199013888836e-02
1.0233384557068348e-02
1.0230575688183308e-02
1.0227773338556290e-02
1.0224975645542145e-02
1.0222183540463448e-02
1.0219398885965347e-02
1.0216617956757545e-02
1.0213843546807766e-02
1.0211072862148285e-02
1.0208308696746826e-02
1.0205550119280815e-02
1.0202797129750252e-02
1.0200049728155136e-02
1.0197306983172894e-02
1.0194568894803524e-02
1.0191838257014751e-02
1.0189109481871128e-02
1.0186389088630676e-02
1.0183672420680523e-02
1.0180961340665817e-02
1.0178255848586559e-02
1.0175553150475025e-02
1.0172857902944088e-02
1.0170168243348598e-02
1.0167482309043407e-02
1.0164801031351089e-02
1.0162125341594219e-02
1.0159454308450222e-02
1.0156788863241673e-02
1.0154127143323421e-02
1.0151471011340618e-02
1.0148819535970688e-02
1.0146173648536205e-02
1.0143532417714596e-02
1.0140893980860710e-02
1.0138262994587421e-02
1.0135635733604431e-02
1.0133012197911739e-02
1.0130393318831921e-02
1.0127780027687550e-02
1.0125171393156052e-02
1.0122568346560001e-02
1.0119969025254250e-02
1.0117374360561371e-02
1.0114784352481365e-02
1.0112198069691658e-02
1.0109616443514824e-02
1.0107041336596012e-02
1.0104467160999775e-02
1.0101900435984135e-02
1.0099337436258793e-02
1.0096779093146324e-02
1.0094222612679005e-02
1.0091672651469707e-02
1.0089127346873283e-02
1.0086584836244583e-02
1.0084047913551331e-02
1.0081515647470951e-02
1.0078986175358295e-02
1.0076461359858513e-02
1.0073940269649029e-02
1.0071424767374992e-02
1.0068912059068680e-02
1.0066404938697815e-02
1.0063901543617249e-02
1.0061402805149555e-02
1.0058906860649586e-02
1.0056414641439915e-02
1.0053928010165691e-02
1.0051445104181767e-02
1.0048965923488140e-02
1.0046489536762238e-02
1.0044019669294357e-02
1.0041551664471626e-02
1.0039088316261768e-02
1.0036628693342209e-02
1.0034172795712948e-02
1.0031721554696560e-02
1.0029274038970470e-02
1.0026829317212105e-02
1.0024389252066612e-02
1.0021953843533993e-02
1.0019520297646523e-02
1.0017092339694500e-02
1.0014666244387627e-02
1.0012245737016201e-02
1.0009828954935074e-02
1.0007414966821671e-02
1.0005004703998566e-02
1.0002597235143185e-02
1.0000194422900677e-02
9.9977962672710419e-03
9.9953999742865562e-03
9.9930083379149437e-03
9.9906185641884804e-03
9.9882362410426140e-03
9.9858548492193222e-03
9.9834762513637543e-03
9.9811032414436340e-03
9.9787311628460884e-03
9.9763646721839905e-03
9.9740000441670418e-03
9.9716410040855408e-03
9.9692838266491890e-03
9.9669303745031357e-03
9.9645806476473808e-03
9.9622337147593498e-03
9.9598905071616173e-03
9.9575510248541832e-03
9.9552134051918983e-03
9.9528804421424866e-03
9.9505512043833733e-03
9.9482256919145584e-03
9.9459011107683182e-03
9.9435821175575256e-03
9.9412659183144569e-03
9.9389515817165375e-03
9.9366409704089165e-03
9.9343340843915939e-03
9.9320290610194206e-03
9.9297305569052696e-03
9.9274311214685440e-03
9.9251382052898407e-03
9.9228471517562866e-03
9.9205588921904564e-03
9.9182724952697754e-03
9.9159907549619675e-03
9.9137118086218834e-03
9.9114365875720978e-03
9.9091641604900360e-03
9.9068945273756981e-03
9.9046267569065094e-03
9.9023636430501938e-03
9.9001033231616020e-03
9.8978448659181595e-03
9.8955910652875900e-03
9.8933391273021698e-03
9.8910899832844734e-03
9.8888436332345009e-03
9.8866010084748268e-03
9.8843611776828766e-03
9.8821232095360756e-03
9.8798898980021477e-03
9.8776565864682198e-03
9.8754279315471649e-03
9.8732030019164085e-03
9.8709780722856522e-03
9.8687596619129181e-03
9.8665412515401840e-03
9.8643265664577484e-03
9.8621146753430367e-03
9.8599046468734741e-03
9.8577002063393593e-03
9.8554948344826698e-03
9.8532941192388535e-03
9.8510943353176117e-03
9.8488992080092430e-03
9.8467068746685982e-03
9.8445164039731026e-03
9.8423277959227562e-03
9.8401419818401337e-03
9.8379608243703842e-03
9.8357805982232094e-03
9.8336031660437584e-03
9.8314285278320312e-03
9.8292576149106026e-03
9.8270876333117485e-03
9.8249195143580437e-03
9.8227541893720627e-03
9.8205925896763802e-03
9.8184319213032722e-03
9.8162749782204628e-03
9.8141208291053772e-03
9.8119685426354408e-03
9.8098190501332283e-03
9.8076723515987396e-03
9.8055284470319748e-03
9.8033845424652100e-03
9.8012443631887436e-03
9.7991069778800011e-03
9.7969723865389824e-03
9.7948396578431129e-03
9.7927087917923927e-03
9.7905807197093964e-03
9.7884545102715492e-03
9.7863320261240005e-03
9.7842114046216011e-03
9.7820917144417763e-03
9.7799748182296753e-03
9.7778607159852982e-03
9.7757475450634956e-03
9.7736390307545662e-03
9.7715314477682114e-03
9.7694257274270058e-03
9.7673228010535240e-03
9.7652217373251915e-03
9.7631234675645828e-03
9.7610270604491234e-03
9.7589315846562386e-03
9.7568407654762268e-03
9.7547518089413643e-03
9.7526628524065018e-03
9.7505776211619377e-03
9.7484942525625229e-03
9.7464127466082573e-03
9.7443331032991409e-03
9.7422553226351738e-03
9.7401803359389305e-03
9.7381072118878365e-03
9.7360368818044662e-03
9.7339684143662453e-03
9.7318999469280243e-03
9.7298370674252510e-03
9.7277723252773285e-03
9.7257122397422791e-03
9.7236530855298042e-03
9.7215957939624786e-03
9.7195412963628769e-03
9.7174886614084244e-03
9.7154369577765465e-03
9.7133880481123924e-03
9.7113410010933876e-03
9.7092948853969574e-03
9.7072524949908257e-03
9.7052110359072685e-03
9.7031705081462860e-03
9.7011337056756020e-03
9.6990978345274925e-03
9.6970647573471069e-03
9.6950326114892960e-03
9.6930023282766342e-03
9.6909720450639725e-03
9.6889454871416092e-03
9.6869217231869698e-03
9.6848979592323303e-03
9.6828769892454147e-03
9.6808569505810738e-03
9.6788397058844566e-03
9.6768233925104141e-03
9.6748089417815208e-03
9.6727972850203514e-03
9.6707865595817566e-03
9.6687776967883110e-03
9.6667706966400146e-03
9.6647646278142929e-03
9.6627604216337204e-03
9.6607571467757225e-03
9.6587566658854485e-03
9.6567589789628983e-03
9.6547622233629227e-03
9.6527654677629471e-03
9.6507705748081207e-03
9.6487803384661674e-03
9.6467882394790649e-03
9.6447989344596863e-03
9.6428124234080315e-03
9.6408259123563766e-03
9.6388412639498711e-03
9.6368584781885147e-03
9.6348775550723076e-03
9.6328975632786751e-03
9.6309194341301918e-03
9.6289422363042831e-03
9.6269678324460983e-03
9.6249934285879135e-03
9.6230208873748779e-03
9.6210511401295662e-03
9.6190813928842545e-03
9.6171125769615173e-03
9.6151474863290787e-03
9.6131833270192146e-03
9.6112182363867760e-03
9.6092578023672104e-03
9.6072964370250702e-03
9.6053378656506538e-03
9.6033802255988121e-03
9.6014225855469704e-03
9.5994677394628525e-03
9.5975156873464584e-03
9.5955627039074898e-03
9.5936125144362450e-03
9.5916613936424255e-03
9.5897130668163300e-03
9.5877666026353836e-03
9.5858220010995865e-03
9.5838773995637894e-03
9.5819337293505669e-03
9.5799919217824936e-03
9.5780529081821442e-03
9.5761129632592201e-03
9.5741748809814453e-03
9.5722386613488197e-03
9.5703033730387688e-03
9.5683680847287178e-03
9.5664355903863907e-03
9.5645040273666382e-03
9.5625733956694603e-03
9.5606436952948570e-03
9.5587158575654030e-03
9.5567898824810982e-03
9.5548639073967934e-03
9.5529388636350632e-03
9.5510166138410568e-03
9.5490952953696251e-03
9.5471730455756187e-03
9.5452526584267616e-03
9.5433341339230537e-03
9.5414165407419205e-03
9.5394998788833618e-03
9.5375841483473778e-03
9.5356702804565430e-03
9.5337573438882828e-03
9.5318444073200226e-03
9.5299333333969116e-03
9.5280241221189499e-03
9.5261139795184135e-03
9.5242056995630264e-03
9.5222992822527885e-03
9.5203937962651253e-03
9.5184883102774620e-03
9.5165846869349480e-03
9.5146810635924339e-03
9.5127793028950691e-03
9.5108775421977043e-03
9.5089776441454887e-03
9.5070786774158478e-03
9.5051815733313560e-03
9.5032844692468643e-03
9.5013882964849472e-03
9.4994911924004555e-03
9.4975968822836876e-03
9.4957053661346436e-03
9.4938119873404503e-03
9.4919204711914062e-03
9.4900289550423622e-03
9.4881402328610420e-03
9.4862505793571472e-03
9.4843637198209763e-03
9.4824740663170815e-03
9.4805881381034851e-03
9.4787022098898888e-03
9.4768172129988670e-03
9.4749331474304199e-03
9.4730490818619728e-03
9.4711668789386749e-03
9.4692856073379517e-03
9.4674052670598030e-03
9.4655249267816544e-03
9.4636464491486549e-03
9.4617661088705063e-03
9.4598885625600815e-03
9.4580119475722313e-03
9.4561353325843811e-03
9.4542605802416801e-03
9.4523848965764046e-03
9.4505110755562782e-03
9.4486381858587265e-03
9.4467634335160255e-03
9.4448924064636230e-03
9.4430204480886459e-03
9.4411494210362434e-03
9.4392802566289902e-03
9.4374110922217369e-03
9.4355419278144836e-03
9.4336736947298050e-03
9.4318054616451263e-03
9.4299390912055969e-03
9.4280727207660675e-03
9.4262063503265381e-03
9.4243409112095833e-03
9.4224764034152031e-03
9.4206137582659721e-03
9.4187501817941666e-03
9.4168856739997864e-03
9.4150239601731300e-03
9.4131631776690483e-03
9.4113014638423920e-03
9.4094406813383102e-03
9.4075798988342285e-03
9.4057209789752960e-03
9.4038620591163635e-03
9.4020031392574310e-03
9.4001451507210732e-03
9.3982871621847153e-03
9.3964291736483574e-03
9.3945730477571487e-03
9.3927159905433655e-03
9.3908607959747314e-03
9.3890056014060974e-03
9.3871504068374634e-03
9.3852961435914040e-03
9.3834418803453445e-03
9.3815876170992851e-03
9.3797342851758003e-03
9.3778818845748901e-03
9.3760294839739799e-03
9.3741770833730698e-03
9.3723246827721596e-03
9.3704741448163986e-03
9.3686226755380630e-03
9.3667712062597275e-03
9.3649225309491158e-03
9.3630710616707802e-03
9.3612214550375938e-03
9.3593718484044075e-03
9.3575222417712212e-03
9.3556744977831841e-03
9.3538258224725723e-03
9.3519771471619606e-03
9.3501294031739235e-03
9.3482816591858864e-03
9.3464348465204239e-03
9.3445861712098122e-03
9.3427393585443497e-03
9.3408934772014618e-03
9.3390466645359993e-03
9.3372007831931114e-03
9.3353539705276489e-03
9.3335080891847610e-03
9.3316622078418732e-03
9.3298172578215599e-03
9.3279713764786720e-03
9.3261264264583588e-03
9.3242805451154709e-03
9.3224365264177322e-03
9.3205925077199936e-03
9.3187466263771057e-03
9.3169026076793671e-03
9.3150585889816284e-03
9.3132136389613152e-03
9.3113696202635765e-03
9.3095265328884125e-03
9.3076825141906738e-03
9.3058384954929352e-03
9.3039944767951965e-03
9.3021513894200325e-03
9.3003073707222939e-03
9.2984642833471298e-03
9.2966202646493912e-03
9.2947771772742271e-03
9.2929340898990631e-03
9.2910900712013245e-03
9.2892469838261604e-03
9.2874029651284218e-03
9.2855598777532578e-03
9.2837158590555191e-03
9.2818727716803551e-03
9.2800296843051910e-03
9.2781856656074524e-03
9.2763425782322884e-03
9.2744985595345497e-03
9.2726554721593857e-03
9.2708114534616470e-03
9.2689683660864830e-03
9.2671234160661697e-03
9.2652803286910057e-03
9.2634363099932671e-03
9.2615922912955284e-03
9.2597482725977898e-03
9.2579033225774765e-03
9.2560593038797379e-03
9.2542143538594246e-03
9.2523703351616859e-03
9.2505244538187981e-03
9.2486795037984848e-03
9.2468336224555969e-03
9.2449886724352837e-03
9.2431437224149704e-03
9.2412978410720825e-03
9.2394519597291946e-03
9.2376060783863068e-03
9.2357592657208443e-03
9.2339133843779564e-03
9.2320665717124939e-03
9.2302188277244568e-03
9.2283720150589943e-03
9.2265242710709572e-03
9.2246774584054947e-03
9.2228287830948830e-03
9.2209810391068459e-03
9.2191323637962341e-03
9.2172827571630478e-03
9.2154340818524361e-03
9.2135844752192497e-03
9.2117357999086380e-03
9.2098852619528770e-03
9.2080347239971161e-03
9.2061832547187805e-03
9.2043317854404449e-03
9.2024803161621094e-03
9.2006297782063484e-03
9.1987764462828636e-03
9.1969240456819534e-03
9.1950716450810432e-03
9.1932183131575584e-03
9.1913649812340736e-03
9.1895116493105888e-03
9.1876555234193802e-03
9.1858012601733208e-03
9.1839469969272614e-03
9.1820908710360527e-03
9.1802347451448441e-03
9.1783776879310608e-03
9.1765206307172775e-03
9.1746635735034943e-03
9.1728055849671364e-03
9.1709466651082039e-03
9.1690877452492714e-03
9.1672288253903389e-03
9.1653689742088318e-03
9.1635091230273247e-03
9.1616474092006683e-03
9.1597856953740120e-03
9.1579239815473557e-03
9.1560613363981247e-03
9.1541986912488937e-03
9.1523351147770882e-03
9.1504696756601334e-03
9.1486060991883278e-03
9.1467397287487984e-03
9.1448742896318436e-03
9.1430079191923141e-03
9.1411406174302101e-03
9.1392733156681061e-03
9.1374050825834274e-03
9.1355359181761742e-03
9.1336667537689209e-03
9.1317966580390930e-03
9.1299256309866905e-03
9.1280536726117134e-03
9.1261817142367363e-03
9.1243097558617592e-03
9.1224350035190582e-03
9.1205611824989319e-03
9.1186864301562309e-03
9.1168107464909554e-03
9.1149350628256798e-03
9.1130575165152550e-03
9.1111809015274048e-03
9.1093014925718307e-03
9.1074230149388313e-03
9.1055436059832573e-03
9.1036623343825340e-03
9.1017810627818108e-03
9.0998988598585129e-03
9.0980166569352150e-03
9.0961325913667679e-03
9.0942485257983208e-03
9.0923635289072990e-03
9.0904776006937027e-03
9.0885898098349571e-03
9.0867029502987862e-03
9.0848142281174660e-03
9.0829255059361458e-03
9.0810358524322510e-03
9.0791443362832069e-03
9.0772528201341629e-03
9.0753603726625443e-03
9.0734669938683510e-03
9.0715717524290085e-03
9.0696765109896660e-03
9.0677803382277489e-03
9.0658832341432571e-03
9.0639861300587654e-03
9.0620862320065498e-03
9.0601872652769089e-03
9.0582864359021187e-03
9.0563856065273285e-03
9.0544819831848145e-03
9.0525792911648750e-03
9.0506747364997864e-03
9.0487692505121231e-03
9.0468628332018852e-03
9.0449554845690727e-03
9.0430481359362602e-03
9.0411379933357239e-03
9.0392278507351875e-03
9.0373177081346512e-03
9.0354047715663910e-03
9.0334909036755562e-03
9.0315770357847214e-03
9.0296622365713120e-03
9.0277446433901787e-03
9.0258279815316200e-03
9.0239085257053375e-03
9.0219900012016296e-03
9.0200696140527725e-03
9.0181473642587662e-03
9.0162251144647598e-03
9.0143010020256042e-03
9.0123768895864487e-03
9.0104499831795692e-03
9.0085230767726898e-03
9.0065952390432358e-03
9.0046655386686325e-03
9.0027349069714546e-03
9.0008033439517021e-03
8.9988699182868004e-03
8.9969364926218987e-03
8.9950021356344223e-03
8.9930659160017967e-03
8.9911287650465965e-03
8.9891897514462471e-03
8.9872488752007484e-03
8.9853089302778244e-03
8.9833671227097511e-03
8.9814234524965286e-03
8.9794788509607315e-03
8.9775333181023598e-03
8.9755859225988388e-03
8.9736375957727432e-03
8.9716883376240730e-03
8.9697381481528282e-03
8.9677851647138596e-03
8.9658331125974655e-03
8.9638773351907730e-03
8.9619206264615059e-03
8.9599639177322388e-03
8.9580062776803970e-03
8.9560467749834061e-03
8.9540854096412659e-03
8.9521231129765511e-03
8.9501598849892616e-03
8.9481947943568230e-03
8.9462287724018097e-03
8.9442608878016472e-03
8.9422920718789101e-03
8.9403223246335983e-03
8.9383497834205627e-03
8.9363772422075272e-03
8.9344028383493423e-03
8.9324275031685829e-03
8.9304503053426743e-03
8.9284712448716164e-03
8.9264912530779839e-03
8.9245103299617767e-03
8.9225275442004204e-03
8.9205438271164894e-03
8.9185573160648346e-03
8.9165708050131798e-03
8.9145833626389503e-03
8.9125921949744225e-03
8.9106019586324692e-03
8.9086079970002174e-03
8.9066149666905403e-03
8.9046182110905647e-03
8.9026214554905891e-03
8.9006219059228897e-03
8.8986214250326157e-03
8.8966209441423416e-03
8.8946167379617691e-03
8.8926134631037712e-03
8.8906064629554749e-03
8.8885985314846039e-03
8.8865896686911583e-03
8.8845789432525635e-03
8.8825663551688194e-03
8.8805519044399261e-03
8.8785374537110329e-03
8.8765192776918411e-03
8.8745011016726494e-03
8.8724810630083084e-03
8.8704591616988182e-03
8.8684363290667534e-03
8.8664107024669647e-03
8.8643841445446014e-03
8.8623566552996635e-03
8.8603263720870018e-03
8.8582951575517654e-03
8.8562620803713799e-03
8.8542280718684196e-03
8.8521912693977356e-03
8.8501526042819023e-03
8.8481139391660690e-03
8.8460724800825119e-03
8.8440300896763802e-03
8.8419858366250992e-03
8.8399387896060944e-03
8.8378917425870895e-03
8.8358419016003609e-03
8.8337901979684830e-03
8.8317375630140305e-03
8.8296821340918541e-03
8.8276267051696777e-03
8.8255684822797775e-03
8.8235083967447281e-03
8.8214464485645294e-03
8.8193835690617561e-03
8.8173188269138336e-03
8.8152522221207619e-03
8.8131837546825409e-03
8.8111134245991707e-03
8.8090412318706512e-03
8.8069671764969826e-03
8.8048921898007393e-03
8.8028144091367722e-03
8.8007356971502304e-03
8.7986541911959648e-03
8.7965717539191246e-03
8.7944865226745605e-03
8.7924003601074219e-03
8.7903123348951340e-03
8.7882215157151222e-03
8.7861306965351105e-03
8.7840370833873749e-03
8.7819406762719154e-03
8.7798442691564560e-03
8.7777450680732727e-03
8.7756440043449402e-03
8.7735410779714584e-03
8.7714353576302528e-03
8.7693287059664726e-03
8.7672211229801178e-03
8.7651107460260391e-03
8.7629975751042366e-03
8.7608834728598595e-03
8.7587675079703331e-03
8.7566496804356575e-03
8.7545299902558327e-03
8.7524075061082840e-03
8.7502840906381607e-03
8.7481588125228882e-03
8.7460307404398918e-03
8.7439008057117462e-03
8.7417690083384514e-03
8.7396362796425819e-03
8.7375007569789886e-03
8.7353633716702461e-03
8.7332241237163544e-03
8.7310820817947388e-03
8.7289391085505486e-03
8.7267942726612091e-03
8.7246475741267204e-03
8.7224971503019333e-03
8.7203457951545715e-03
8.7181925773620605e-03
8.7160374969244003e-03
8.7138805538415909e-03
8.7117208167910576e-03
8.7095601484179497e-03
8.7073966860771179e-03
8.7052304297685623e-03
8.7030632421374321e-03
8.7008941918611526e-03
8.6987223476171494e-03
8.6965486407279968e-03
8.6943730711936951e-03
8.6921956390142441e-03
8.6900163441896439e-03
8.6878342553973198e-03
8.6856493726372719e-03
8.6834635585546494e-03
8.6812758818268776e-03
8.6790863424539566e-03
8.6768930777907372e-03
8.6746988818049431e-03
8.6725018918514252e-03
8.6703039705753326e-03
8.6681032553315163e-03
8.6659006774425507e-03
8.6636953055858612e-03
8.6614880710840225e-03
8.6592789739370346e-03
8.6570680141448975e-03
8.6548542603850365e-03
8.6526395753026009e-03
8.6504220962524414e-03
8.6482018232345581e-03
8.6459787562489510e-03
8.6437547579407692e-03
8.6415279656648636e-03
8.6393002420663834e-03
8.6370687931776047e-03
8.6348354816436768e-03
8.6326012387871742e-03
8.6303642019629478e-03
8.6281243711709976e-03
8.6258826777338982e-03
8.6236381903290749e-03
8.6213937029242516e-03
8.6191436275839806e-03
8.6168944835662842e-03
8.6146406829357147e-03
8.6123868823051453e-03
8.6101293563842773e-03
8.6078690364956856e-03
8.6056077852845192e-03
8.6033437401056290e-03
8.6010778322815895e-03
8.5988091304898262e-03
8.5965385660529137e-03
8.5942652076482773e-03
8.5919899865984917e-03
8.5897129029035568e-03
8.5874330252408981e-03
8.5851512849330902e-03
8.5828676819801331e-03
8.5805812850594521e-03
8.5782920941710472e-03
8.5760010406374931e-03
8.5737081244587898e-03
8.5714114829897881e-03
8.5691129788756371e-03
8.5668135434389114e-03
8.5645103827118874e-03
8.5622053593397141e-03
8.5598984733223915e-03
8.5575887933373451e-03
8.5552772507071495e-03
8.5529629141092300e-03
8.5506467148661613e-03
8.5483277216553688e-03
8.5460068657994270e-03
8.5436832159757614e-03
8.5413577035069466e-03
8.5390293970704079e-03
8.5366992279887199e-03
8.5343671962618828e-03
8.5320314392447472e-03
8.5296928882598877e-03
8.5273543372750282e-03
8.5250120609998703e-03
8.5226669907569885e-03
8.5203200578689575e-03
8.5179712623357773e-03
8.5156196728348732e-03
8.5132652893662453e-03
8.5109081119298935e-03
8.5085500031709671e-03
8.5061891004443169e-03
8.5038254037499428e-03
8.5014589130878448e-03
8.4990905597805977e-03
8.4967203438282013e-03
8.4943473339080811e-03
8.4919715300202370e-03
8.4895938634872437e-03
8.4872134029865265e-03
8.4848301485180855e-03
8.4824450314044952e-03
8.4800580516457558e-03
8.4776682779192924e-03
8.4752747789025307e-03
8.4728803485631943e-03
8.4704840555787086e-03
8.4680831059813499e-03
8.4656812250614166e-03
8.4632774814963341e-03
8.4608700126409531e-03
8.4584606811404228e-03
8.4560494869947433e-03
8.4536345675587654e-03
8.4512177854776382e-03
8.4487982094287872e-03
8.4463767707347870e-03
8.4439525380730629e-03
8.4415264427661896e-03
8.4390966221690178e-03
8.4366668015718460e-03
8.4342323243618011e-03
8.4317969158291817e-03
8.4293577820062637e-03
8.4269167855381966e-03
8.4244720637798309e-03
8.4220264106988907e-03
8.4195779636502266e-03
8.4171276539564133e-03
8.4146736189723015e-03
8.4122177213430405e-03
8.4097599610686302e-03
8.4072984755039215e-03
8.4048351272940636e-03
8.4023689851164818e-03
8.3999009802937508e-03
8.3974301815032959e-03
8.3949565887451172e-03
8.3924811333417892e-03
8.3900028839707375e-03
8.3875227719545364e-03
8.3850389346480370e-03
8.3825532346963882e-03
8.3800656720995903e-03
8.3775743842124939e-03
8.3750821650028229e-03
8.3725852891802788e-03
8.3700874820351601e-03
8.3675878122448921e-03
8.3650844171643257e-03
8.3625782281160355e-03
8.3600701764225960e-03
8.3575593307614326e-03
8.3550456911325455e-03
8.3525311201810837e-03
8.3500128239393234e-03
8.3474926650524139e-03
8.3449706435203552e-03
8.3424448966979980e-03
8.3399163559079170e-03
8.3373859524726868e-03
8.3348527550697327e-03
8.3323167636990547e-03
8.3297798410058022e-03
8.3272391930222511e-03
8.3246966823935509e-03
8.3221504464745522e-03
8.3196023479104042e-03
8.3170523867011070e-03
8.3144996315240860e-03
8.3119440823793411e-03
8.3093876019120216e-03
8.3068255335092545e-03
8.3042634651064873e-03
8.3016976714134216e-03
8.2991300150752068e-03
8.2965595647692680e-03
8.2939872518181801e-03
8.2914121448993683e-03
8.2888342440128326e-03
8.2862544804811478e-03
8.2836709916591644e-03
8.2810856401920319e-03
8.2784974947571754e-03
8.2759074866771698e-03
8.2733156159520149e-03
8.2707200199365616e-03
8.2681225612759590e-03
8.2655223086476326e-03
8.2629192620515823e-03
8.2603152841329575e-03
8.2577075809240341e-03
8.2550980150699615e-03
8.2524847239255905e-03
8.2498695701360703e-03
8.2472525537014008e-03
8.2446327432990074e-03
8.2420110702514648e-03
8.2393856719136238e-03
8.2367584109306335e-03
8.2341292873024940e-03
8.2314973697066307e-03
8.2288626581430435e-03
8.2262260839343071e-03
8.2235857844352722e-03
8.2209436222910881e-03
8.2182995975017548e-03
8.2156527787446976e-03
8.2130040973424911e-03
8.2103516906499863e-03
8.2076983526349068e-03
8.2050412893295288e-03
8.2023823633790016e-03
8.1997215747833252e-03
8.1970570608973503e-03
8.1943916156888008e-03
8.1917224451899529e-03
8.1890514120459557e-03
8.1863785162568092e-03
8.1837018951773643e-03
8.1810243427753448e-03
8.1783439964056015e-03
8.1756617873907089e-03
8.1729758530855179e-03
8.1702880561351776e-03
8.1675983965396881e-03
8.1649059429764748e-03
8.1622106954455376e-03
8.1595135852694511e-03
8.1568136811256409e-03
8.1541119143366814e-03
8.1514082849025726e-03
8.1487009301781654e-03
8.1459926441311836e-03
8.1432815641164780e-03
8.1405676901340485e-03
8.1378510221838951e-03
8.1351334229111671e-03
8.1324139609932899e-03
8.1296907737851143e-03
8.1269647926092148e-03
8.1242378801107407e-03
8.1215072423219681e-03
8.1187756732106209e-03
8.1160413101315498e-03
8.1133060157299042e-03
8.1105669960379601e-03
8.1078251823782921e-03
8.1050824373960495e-03
8.1023368984460831e-03
8.0995885655283928e-03
8.0968383699655533e-03
8.0940853804349899e-03
8.0913323909044266e-03
8.0885747447609901e-03
8.0858161672949791e-03
8.0830547958612442e-03
8.0802915617823601e-03
8.0775264650583267e-03
8.0747585743665695e-03
8.0719888210296631e-03
8.0692162737250328e-03
8.0664427950978279e-03
8.0636665225028992e-03
8.0608874559402466e-03
8.0581074580550194e-03
8.0553246662020683e-03
8.0525390803813934e-03
8.0497525632381439e-03
8.0469632521271706e-03
8.0441720783710480e-03
8.0413781106472015e-03
8.0385832116007805e-03
8.0357855185866356e-03
8.0329868942499161e-03
8.0301845446228981e-03
8.0273821949958801e-03
8.0245761200785637e-03
8.0217681825160980e-03
8.0189583823084831e-03
8.0161476507782936e-03
8.0133331939578056e-03
8.0105187371373177e-03
8.0076996237039566e-03
8.0048805102705956e-03
8.0020595341920853e-03
7.9992357641458511e-03
7.9964110627770424e-03
7.9935826361179352e-03
7.9907532781362534e-03
7.9879229888319969e-03
7.9850889742374420e-03
7.9822549596428871e-03
7.9794181510806084e-03
7.9765794798731804e-03
7.9737389460206032e-03
7.9708965495228767e-03
7.9680522903800011e-03
7.9652061685919762e-03
7.9623581841588020e-03
7.9595101997256279e-03
7.9566575586795807e-03
7.9538039863109589e-03
7.9509504139423370e-03
7.9480931162834167e-03
7.9452348873019218e-03
7.9423747956752777e-03
7.9395128414034843e-03
7.9366490244865417e-03
7.9337852075695992e-03
7.9309176653623581e-03
7.9280491918325424e-03
7.9251788556575775e-03
7.9223066568374634e-03
7.9194335266947746e-03
7.9165594652295113e-03
7.9136826097965240e-03
7.9108038917183876e-03
7.9079242423176765e-03
7.9050427302718163e-03
7.9021602869033813e-03
7.8992759808897972e-03
7.8963898122310638e-03
7.8935027122497559e-03
7.8906128183007240e-03
7.8877229243516922e-03
7.8848311677575111e-03
7.8819384798407555e-03
7.8790429979562759e-03
7.8761465847492218e-03
7.8732492402195930e-03
7.8703509643673897e-03
7.8674498945474625e-03
7.8645488247275352e-03
7.8616458922624588e-03
7.8587420284748077e-03
7.8558363020420074e-03
7.8529296442866325e-03
7.8500211238861084e-03
7.8471116721630096e-03
7.8442012891173363e-03
7.8412890434265137e-03
7.8383758664131165e-03
7.8354617580771446e-03
7.8325457870960236e-03
7.8296298161149025e-03
7.8267110511660576e-03
7.8237922862172127e-03
7.8208716586232185e-03
7.8179500997066498e-03
7.8150285407900810e-03
7.8121051192283630e-03
7.8091803006827831e-03
7.8062545508146286e-03
7.8033278696238995e-03
7.8004002571105957e-03
7.7974717132747173e-03
7.7945422381162643e-03
7.7916118316352367e-03
7.7886804938316345e-03
7.7857477590441704e-03
7.7828140929341316e-03
7.7798799611628056e-03
7.7769448980689049e-03
7.7740084379911423e-03
7.7710719779133797e-03
7.7681341208517551e-03
7.7651953324675560e-03
7.7622556127607822e-03
7.7593158930540085e-03
7.7563747763633728e-03
7.7534331940114498e-03
7.7504906803369522e-03
7.7475472353398800e-03
7.7446028590202332e-03
7.7416584827005863e-03
7.7387141063809395e-03
7.7357674017548561e-03
7.7328206971287727e-03
7.7298739925026894e-03
7.7269268222153187e-03
7.7239773236215115e-03
7.7210292220115662e-03
7.7180792577564716e-03
7.7151297591626644e-03
7.7121793292462826e-03
7.7092275023460388e-03
7.7062756754457951e-03
7.7033238485455513e-03
7.7003720216453075e-03
7.6974187977612019e-03
7.6944655738770962e-03
7.6915118843317032e-03
7.6885572634637356e-03
7.6856035739183426e-03
7.6826484873890877e-03
7.6796924695372581e-03
7.6767373830080032e-03
7.6737818308174610e-03
7.6708248816430569e-03
7.6678693294525146e-03
7.6649119146168232e-03
7.6619554311037064e-03
7.6589975506067276e-03
7.6560410670936108e-03
7.6530827209353447e-03
7.6501248404383659e-03
7.6471669599413872e-03
7.6442090794444084e-03
7.6412511989474297e-03
7.6382928527891636e-03
7.6353340409696102e-03
7.6323761604726315e-03
7.6294164173305035e-03
7.6264580711722374e-03
7.6234997250139713e-03
7.6205409131944180e-03
7.6175825670361519e-03
7.6146242208778858e-03
7.6116649433970451e-03
7.6087056659162045e-03
7.6057477854192257e-03
7.6027889735996723e-03
7.5998310931026936e-03
7.5968718156218529e-03
7.5939139351248741e-03
7.5909560546278954e-03
7.5879972428083420e-03
7.5850398279726505e-03
7.5820819474756718e-03
7.5791254639625549e-03
7.5761666521430016e-03
7.5732106342911720e-03
7.5702532194554806e-03
7.5672962702810764e-03
7.5643402524292469e-03
7.5613833032548428e-03
7.5584277510643005e-03
7.5554717332124710e-03
7.5525161810219288e-03
7.5495615601539612e-03
7.5466069392859936e-03
7.5436527840793133e-03
7.5406990945339203e-03
7.5377449393272400e-03
7.5347917154431343e-03
7.5318384915590286e-03
7.5288866646587849e-03
7.5259339064359665e-03
7.5229825451970100e-03
7.5200311839580536e-03
7.5170798227190971e-03
7.5141298584640026e-03
7.5111794285476208e-03
7.5082299299538136e-03
7.5052813626825809e-03
7.5023327954113483e-03
7.4993842281401157e-03
7.4964375235140324e-03
7.4934903532266617e-03
7.4905441142618656e-03
7.4875978752970695e-03
7.4846530333161354e-03
7.4817081913352013e-03
7.4787638150155544e-03
7.4758199043571949e-03
7.4728773906826973e-03
7.4699344113469124e-03
7.4669923633337021e-03
7.4640512466430664e-03
7.4611096642911434e-03
7.4581699445843697e-03
7.4552316218614578e-03
7.4522919021546841e-03
7.4493545107543468e-03
7.4464166536927223e-03
7.4434801936149597e-03
7.4405437335371971e-03
7.4376086704432964e-03
7.4346740730106831e-03
7.4317399412393570e-03
7.4288072064518929e-03
7.4258744716644287e-03
7.4229431338608265e-03
7.4200117960572243e-03
7.4170813895761967e-03
7.4141514487564564e-03
7.4112219735980034e-03
7.4082948267459869e-03
7.4053667485713959e-03
7.4024396017193794e-03
7.3995143175125122e-03
7.3965890333056450e-03
7.3936642147600651e-03
7.3907407931983471e-03
7.3878173716366291e-03
7.3848958127200603e-03
7.3819751851260662e-03
7.3790536262094975e-03
7.3761334642767906e-03
7.3732151649892330e-03
7.3702968657016754e-03
7.3673794977366924e-03
7.3644630610942841e-03
7.3615475557744503e-03
7.3586325161159039e-03
7.3557184077799320e-03
7.3528056964278221e-03
7.3498929850757122e-03
7.3469816707074642e-03
7.3440698906779289e-03
7.3411604389548302e-03
7.3382509872317314e-03
7.3353429324924946e-03
7.3324358090758324e-03
7.3295282199978828e-03
7.3266229592263699e-03
7.3237176984548569e-03
7.3208143003284931e-03
7.3179104365408421e-03
7.3150070384144783e-03
7.3121059685945511e-03
7.3092053644359112e-03
7.3063056915998459e-03
7.3034064844250679e-03
7.3005077429115772e-03
7.2976094670593739e-03
7.2947139851748943e-03
7.2918180376291275e-03
7.2889225557446480e-03
7.2860289365053177e-03
7.2831353172659874e-03
7.2802430950105190e-03
7.2773518040776253e-03
7.2744605131447315e-03
7.2715706191956997e-03
7.2686807252466679e-03
7.2657936252653599e-03
7.2629055939614773e-03
7.2600189596414566e-03
7.2571332566440105e-03
7.2542475536465645e-03
7.2513641789555550e-03
7.2484808042645454e-03
7.2455974295735359e-03
7.2427159175276756e-03
7.2398353368043900e-03
7.2369552217423916e-03
7.2340760380029678e-03
7.2311973199248314e-03
7.2283199988305569e-03
7.2254431433975697e-03
7.2225667536258698e-03
7.2196912951767445e-03
7.2168172337114811e-03
7.2139427065849304e-03
7.2110695764422417e-03
7.2081978432834148e-03
7.2053265757858753e-03
7.2024557739496231e-03
7.1995859034359455e-03
7.1967169642448425e-03
7.1938489563763142e-03
7.1909814141690731e-03
7.1881148032844067e-03
7.1852486580610275e-03
7.1823834441602230e-03
7.1795191615819931e-03
7.1766548790037632e-03
7.1737919934093952e-03
7.1709300391376019e-03
7.1680680848658085e-03
7.1652075275778770e-03
7.1623465046286583e-03
7.1594882756471634e-03
7.1566295810043812e-03
7.1537713520228863e-03
7.1509140543639660e-03
7.1480576880276203e-03
7.1452022530138493e-03
7.1423463523387909e-03
7.1394923143088818e-03
7.1366382762789726e-03
7.1337856352329254e-03
7.1309329941868782e-03
7.1280817501246929e-03
7.1252305060625076e-03
7.1223801933228970e-03
7.1195303462445736e-03
7.1166809648275375e-03
7.1138334460556507e-03
7.1109854616224766e-03
7.1081384085118771e-03
7.1052922867238522e-03
7.1024475619196892e-03
7.0996014401316643e-03
7.0967567153275013e-03
7.0939138531684875e-03
7.0910700596868992e-03
7.0882276631891727e-03
7.0853852666914463e-03
7.0825442671775818e-03
7.0797032676637173e-03
7.0768636651337147e-03
7.0740231312811375e-03
7.0711844600737095e-03
7.0683457888662815e-03
7.0655089803040028e-03
7.0626712404191494e-03
7.0598348975181580e-03
7.0569990202784538e-03
7.0541626773774624e-03
7.0513281971216202e-03
7.0484941825270653e-03
7.0456601679325104e-03
7.0428261533379555e-03
7.0399940013885498e-03
7.0371613837778568e-03
7.0343306288123131e-03
7.0314994081854820e-03
7.0286691188812256e-03
7.0258388295769691e-03
7.0230090059340000e-03
7.0201801136136055e-03
7.0173521526157856e-03
7.0145241916179657e-03
7.0116966962814331e-03
7.0088696666061878e-03
7.0060435682535172e-03
7.0032179355621338e-03
7.0003923028707504e-03
6.9975671358406544e-03
6.9947429001331329e-03
6.9919186644256115e-03
6.9890958257019520e-03
6.9862720556557178e-03
6.9834506139159203e-03
6.9806282408535480e-03
6.9778067991137505e-03
6.9749853573739529e-03
6.9721643812954426e-03
6.9693443365395069e-03
6.9665256887674332e-03
6.9637061096727848e-03
6.9608865305781364e-03
6.9580688141286373e-03
6.9552510976791382e-03
6.9524333812296391e-03
6.9496165961027145e-03
6.9467998109757900e-03
6.9439844228327274e-03
6.9411690346896648e-03
6.9383531808853149e-03
6.9355377927422523e-03
6.9327247329056263e-03
6.9299107417464256e-03
6.9270967505872250e-03
6.9242836907505989e-03
6.9214701652526855e-03
6.9186594337224960e-03
6.9158459082245827e-03
6.9130351766943932e-03
6.9102239795029163e-03
6.9074137136340141e-03
6.9046029821038246e-03
6.9017931818962097e-03
6.8989847786724567e-03
6.8961759097874165e-03
6.8933670409023762e-03
6.8905591033399105e-03
6.8877507001161575e-03
6.8849436938762665e-03
6.8821376189589500e-03
6.8793301470577717e-03
6.8765236064791679e-03
6.8737184628844261e-03
6.8709128536283970e-03
6.8681086413562298e-03
6.8653034977614880e-03
6.8624997511506081e-03
6.8596960045397282e-03
6.8568922579288483e-03
6.8540894426405430e-03
6.8512866273522377e-03
6.8484847433865070e-03
6.8456828594207764e-03
6.8428814411163330e-03
6.8400800228118896e-03
6.8372804671525955e-03
6.8344795145094395e-03
6.8316799588501453e-03
6.8288804031908512e-03
6.8260813131928444e-03
6.8232826888561249e-03
6.8204849958419800e-03
6.8176868371665478e-03
6.8148896098136902e-03
6.8120923824608326e-03
6.8092956207692623e-03
6.8064993247389793e-03
6.8037039600312710e-03
6.8009085953235626e-03
6.7981132306158543e-03
6.7953187972307205e-03
6.7925243638455868e-03
6.7897317931056023e-03
6.7869373597204685e-03
6.7841447889804840e-03
6.7813517525792122e-03
6.7785601131618023e-03
6.7757680080831051e-03
6.7729763686656952e-03
6.7701856605708599e-03
6.7673949524760246e-03
6.7646056413650513e-03
6.7618158645927906e-03
6.7590265534818172e-03
6.7562381736934185e-03
6.7534497939050198e-03
6.7506618797779083e-03
6.7478739656507969e-03
6.7450865171849728e-03
6.7423004657030106e-03
6.7395144142210484e-03
6.7367288284003735e-03
6.7339432425796986e-03
6.7311585880815983e-03
6.7283743992447853e-03
6.7255906760692596e-03
6.7228069528937340e-03
6.7200250923633575e-03
6.7172423005104065e-03
6.7144599743187428e-03
6.7116785794496536e-03
6.7088971845805645e-03
6.7061167210340500e-03
6.7033362574875355e-03
6.7005581222474575e-03
6.6977781243622303e-03
6.6950004547834396e-03
6.6922213882207870e-03
6.6894441843032837e-03
6.6866669803857803e-03
6.6838911734521389e-03
6.6811149008572102e-03
6.6783390939235687e-03
6.6755642183125019e-03
6.6727898083627224e-03
6.6700158640742302e-03
6.6672433167695999e-03
6.6644703038036823e-03
6.6616977564990520e-03
6.6589261405169964e-03
6.6561549901962280e-03
6.6533847711980343e-03
6.6506150178611279e-03
6.6478452645242214e-03
6.6450764425098896e-03
6.6423085518181324e-03
6.6395411267876625e-03
6.6367741674184799e-03
6.6340072080492973e-03
6.6312411800026894e-03
6.6284765489399433e-03
6.6257119178771973e-03
6.6229477524757385e-03
6.6201849840581417e-03
6.6174222156405449e-03
6.6146603785455227e-03
6.6118990071117878e-03
6.6091381013393402e-03
6.6063781268894672e-03
6.6036186181008816e-03
6.6008595749735832e-03
6.5981014631688595e-03
6.5953438170254230e-03
6.5925880335271358e-03
6.5898322500288486e-03
6.5870769321918488e-03
6.5843225456774235e-03
6.5815676935017109e-03
6.5788147039711475e-03
6.5760621801018715e-03
6.5733110532164574e-03
6.5705594606697559e-03
6.5678092651069164e-03
6.5650600008666515e-03
6.5623112022876740e-03
6.5595633350312710e-03
6.5568163990974426e-03
6.5540703944861889e-03
6.5513248555362225e-03
6.5485807135701180e-03
6.5458356402814388e-03
6.5430924296379089e-03
6.5403496846556664e-03
6.5376083366572857e-03
6.5348679199814796e-03
6.5321284346282482e-03
6.5293894149363041e-03
6.5266513265669346e-03
6.5239146351814270e-03
6.5211779437959194e-03
6.5184421837329865e-03
6.5157073549926281e-03
6.5129739232361317e-03
6.5102414228022099e-03
6.5075084567070007e-03
6.5047778189182281e-03
6.5020476467907429e-03
6.4993184059858322e-03
6.4965905621647835e-03
6.4938631840050220e-03
6.4911367371678352e-03
6.4884116873145103e-03
6.4856871031224728e-03
6.4829643815755844e-03
6.4802416600286961e-03
6.4775203354656696e-03
6.4747994765639305e-03
6.4720800146460533e-03
6.4693619497120380e-03
6.4666448161005974e-03
6.4639281481504440e-03
6.4612133428454399e-03
6.4584985375404358e-03
6.4557855948805809e-03
6.4530735835433006e-03
6.4503625035285950e-03
6.4476532861590385e-03
6.4449440687894821e-03
6.4422362484037876e-03
6.4395293593406677e-03
6.4368238672614098e-03
6.4341202378273010e-03
6.4314166083931923e-03
6.4287143759429455e-03
6.4260135404765606e-03
6.4233136363327503e-03
6.4206146635115147e-03
6.4179180189967155e-03
6.4152223058044910e-03
6.4125265926122665e-03
6.4098332077264786e-03
6.4071407541632652e-03
6.4044483006000519e-03
6.4017581753432751e-03
6.3990699127316475e-03
6.3963825814425945e-03
6.3936961814761162e-03
6.3910111784934998e-03
6.3883271068334579e-03
6.3856448978185654e-03
6.3829640857875347e-03
6.3802842050790787e-03
6.3776052556931973e-03
6.3749277032911777e-03
6.3722515478730202e-03
6.3695772551000118e-03
6.3669048249721527e-03
6.3642319291830063e-03
6.3615622930228710e-03
6.3588931225240231e-03
6.3562248833477497e-03
6.3535589724779129e-03
6.3508939929306507e-03
6.3482304103672504e-03
6.3455686904489994e-03
6.3429079018533230e-03
6.3402485102415085e-03
6.3375909812748432e-03
6.3349348492920399e-03
6.3322801142930984e-03
6.3296272419393063e-03
6.3269743695855141e-03
6.3243242911994457e-03
6.3216756097972393e-03
6.3190283253788948e-03
6.3163824379444122e-03
6.3137388788163662e-03
6.3110962510108948e-03
6.3084545545279980e-03
6.3058151863515377e-03
6.3031767494976521e-03
6.3005406409502029e-03
6.2979059293866158e-03
6.2952721491456032e-03
6.2926411628723145e-03
6.2900106422603130e-03
6.2873829156160355e-03
6.2847561202943325e-03
6.2821311876177788e-03
6.2795071862637997e-03
6.2768859788775444e-03
6.2742661684751511e-03
6.2716472893953323e-03
6.2690307386219501e-03
6.2664160504937172e-03
6.2638027593493462e-03
6.2611908651888371e-03
6.2585812993347645e-03
6.2559731304645538e-03
6.2533672899007797e-03
6.2507619149982929e-03
6.2481593340635300e-03
6.2455586157739162e-03
6.2429592944681644e-03
6.2403623014688492e-03
6.2377657741308212e-03
6.2351720407605171e-03
6.2325801700353622e-03
6.2299901619553566e-03
6.2274010851979256e-03
6.2248152680695057e-03
6.2222299166023731e-03
6.2196478247642517e-03
6.2170671299099922e-03
6.2144878320395947e-03
6.2119108624756336e-03
6.2093348242342472e-03
6.2067620456218719e-03
6.2041901983320713e-03
6.2016206793487072e-03
6.1990539543330669e-03
6.1964881606400013e-03
6.1939246952533722e-03
6.1913626268506050e-03
6.1888033524155617e-03
6.1862454749643803e-03
6.1836899258196354e-03
6.1811353079974651e-03
6.1785844154655933e-03
6.1760344542562962e-03
6.1734868213534355e-03
6.1709410510957241e-03
6.1683971434831619e-03
6.1658555641770363e-03
6.1633163131773472e-03
6.1607784591615200e-03
6.1582438647747040e-03
6.1557097360491753e-03
6.1531788669526577e-03
6.1506493948400021e-03
6.1481227166950703e-03
6.1455979011952877e-03
6.1430744826793671e-03
6.1405543237924576e-03
6.1380355618894100e-03
6.1355195939540863e-03
6.1330050230026245e-03
6.1304932460188866e-03
6.1279828660190105e-03
6.1254752799868584e-03
6.1229695565998554e-03
6.1204656958580017e-03
6.1179650947451591e-03
6.1154658906161785e-03
6.1129685491323471e-03
6.1104749329388142e-03
6.1079827137291431e-03
6.1054918915033340e-03
6.1030047945678234e-03
6.1005186289548874e-03
6.0980347916483879e-03
6.0955537483096123e-03
6.0930750332772732e-03
6.0905986465513706e-03
6.0881245881319046e-03
6.0856533236801624e-03
6.0831829905509949e-03
6.0807154513895512e-03
6.0782511718571186e-03
6.0757882893085480e-03
6.0733277350664139e-03
6.0708695091307163e-03
6.0684136115014553e-03
6.0659609735012054e-03
6.0635106638073921e-03
6.0610608197748661e-03
6.0586151666939259e-03
6.0561709105968475e-03
6.0537289828062057e-03
6.0512903146445751e-03
6.0488530434668064e-03
6.0464194975793362e-03
6.0439873486757278e-03
6.0415579937398434e-03
6.0391314327716827e-03
6.0367058031260967e-03
6.0342838987708092e-03
6.0318643227219582e-03
6.0294470749795437e-03
6.0270316898822784e-03
6.0246195644140244e-03
6.0222102329134941e-03
6.0198018327355385e-03
6.0173971578478813e-03
6.0149943456053734e-03
6.0125943273305893e-03
6.0101961717009544e-03
6.0078022070229053e-03
6.0054091736674309e-03
6.0030189342796803e-03
6.0006319545209408e-03
5.9982463717460632e-03
5.9958645142614841e-03
5.9934840537607670e-03
5.9911068528890610e-03
5.9887315146625042e-03
5.9863594360649586e-03
5.9839892201125622e-03
5.9816217981278896e-03
5.9792581014335155e-03
5.9768953360617161e-03
5.9745353646576405e-03
5.9721786528825760e-03
5.9698242694139481e-03
5.9674722142517567e-03
5.9651229530572891e-03
5.9627760201692581e-03
5.9604318812489510e-03
5.9580910019576550e-03
5.9557519853115082e-03
5.9534152969717979e-03
5.9510827995836735e-03
5.9487507678568363e-03
5.9464224614202976e-03
5.9440964832901955e-03
5.9417737647891045e-03
5.9394529089331627e-03
5.9371348470449448e-03
5.9348200447857380e-03
5.9325075708329678e-03
5.9301974251866341e-03
5.9278896078467369e-03
5.9255850501358509e-03
5.9232832863926888e-03
5.9209838509559631e-03
5.9186876751482487e-03
5.9163933619856834e-03
5.9141018427908421e-03
5.9118131175637245e-03
5.9095271863043308e-03
5.9072440490126610e-03
5.9049637056887150e-03
5.9026856906712055e-03
5.9004104696214199e-03
5.8981375768780708e-03
5.8958670124411583e-03
5.8936006389558315e-03
5.8913361281156540e-03
5.8890748769044876e-03
5.8868159539997578e-03
5.8845593594014645e-03
5.8823055587708950e-03
5.8800545521080494e-03
5.8778063394129276e-03
5.8755604550242424e-03
5.8733182959258556e-03
5.8710779994726181e-03
5.8688409626483917e-03
5.8666067197918892e-03
5.8643748052418232e-03
5.8621456846594810e-03
5.8599193580448627e-03
5.8576953597366810e-03
5.8554750867187977e-03
5.8532562106847763e-03
5.8510410599410534e-03
5.8488282375037670e-03
5.8466186746954918e-03
5.8444105088710785e-03
5.8422060683369637e-03
5.8400053530931473e-03
5.8378065004944801e-03
5.8356095105409622e-03
5.8334162458777428e-03
5.8312253095209599e-03
5.8290380984544754e-03
5.8268522843718529e-03
5.8246701955795288e-03
5.8224904350936413e-03
5.8203134685754776e-03
5.8181388303637505e-03
5.8159683831036091e-03
5.8137997984886169e-03
5.8116340078413486e-03
5.8094710111618042e-03
5.8073103427886963e-03
5.8051533997058868e-03
5.8029978536069393e-03
5.8008455671370029e-03
5.7986965402960777e-03
5.7965507730841637e-03
5.7944064028561115e-03
5.7922657579183578e-03
5.7901274412870407e-03
5.7879914529621601e-03
5.7858587242662907e-03
5.7837287895381451e-03
5.7816021144390106e-03
5.7794777676463127e-03
5.7773562148213387e-03
5.7752369903028011e-03
5.7731210254132748e-03
5.7710073888301849e-03
5.7688965462148190e-03
5.7667898945510387e-03
5.7646846398711205e-03
5.7625821791589260e-03
5.7604820467531681e-03
5.7583856396377087e-03
5.7562924921512604e-03
5.7542002759873867e-03
5.7521127164363861e-03
5.7500260882079601e-03
5.7479441165924072e-03
5.7458630762994289e-03
5.7437857612967491e-03
5.7417117059230804e-03
5.7396395131945610e-03
5.7375701144337654e-03
5.7355039753019810e-03
5.7334401644766331e-03
5.7313796132802963e-03
5.7293213903903961e-03
5.7272668927907944e-03
5.7252142578363419e-03
5.7231639511883259e-03
5.7211164385080338e-03
5.7190726511180401e-03
5.7170302607119083e-03
5.7149915955960751e-03
5.7129552587866783e-03
5.7109221816062927e-03
5.7088918983936310e-03
5.7068639434874058e-03
5.7048383168876171e-03
5.7028164155781269e-03
5.7007968425750732e-03
5.6987791322171688e-03
5.6967646814882755e-03
5.6947534903883934e-03
5.6927446275949478e-03
5.6907390244305134e-03
5.6887352839112282e-03
5.6867348030209541e-03
5.6847371160984039e-03
5.6827412918210030e-03
5.6807491928339005e-03
5.6787594221532345e-03
5.6767724454402924e-03
5.6747882626950741e-03
5.6728064082562923e-03
5.6708273477852345e-03
5.6688510812819004e-03
5.6668766774237156e-03
5.6649069301784039e-03
5.6629385799169540e-03
5.6609734892845154e-03
5.6590102612972260e-03
5.6570502929389477e-03
5.6550926528871059e-03
5.6531382724642754e-03
5.6511857546865940e-03
5.6492364965379238e-03
5.6472895666956902e-03
5.6453463621437550e-03
5.6434045545756817e-03
5.6414660066366196e-03
5.6395297870039940e-03
5.6375968270003796e-03
5.6356657296419144e-03
5.6337369605898857e-03
5.6318128481507301e-03
5.6298896670341492e-03
5.6279692798852921e-03
5.6260521523654461e-03
5.6241378188133240e-03
5.6222253479063511e-03
5.6203156709671021e-03
5.6184087879955769e-03
5.6165042333304882e-03
5.6146024726331234e-03
5.6127035059034824e-03
5.6108068674802780e-03
5.6089125573635101e-03
5.6070224381983280e-03
5.6051341816782951e-03
5.6032477878034115e-03
5.6013646535575390e-03
5.5994838476181030e-03
5.5976053699851036e-03
5.5957301519811153e-03
5.5938572622835636e-03
5.5919867008924484e-03
5.5901184678077698e-03
5.5882539600133896e-03
5.5863913148641586e-03
5.5845309980213642e-03
5.5826734751462936e-03
5.5808182805776596e-03
5.5789672769606113e-03
5.5771167390048504e-03
5.5752694606781006e-03
5.5734245106577873e-03
5.5715828202664852e-03
5.5697429925203323e-03
5.5679059587419033e-03
5.5660717189311981e-03
5.5642393417656422e-03
5.5624106898903847e-03
5.5605829693377018e-03
5.5587589740753174e-03
5.5569373071193695e-03
5.5551179684698582e-03
5.5533014237880707e-03
5.5514867417514324e-03
5.5496748536825180e-03
5.5478657595813274e-03
5.5460589937865734e-03
5.5442550219595432e-03
5.5424533784389496e-03
5.5406540632247925e-03
5.5388566106557846e-03
5.5370628833770752e-03
5.5352714844048023e-03
5.5334819480776787e-03
5.5316952057182789e-03
5.5299107916653156e-03
5.5281287059187889e-03
5.5263489484786987e-03
5.5245724506676197e-03
5.5227978155016899e-03
5.5210255086421967e-03
5.5192564614117146e-03
5.5174888111650944e-03
5.5157244205474854e-03
5.5139618925750256e-03
5.5122012272477150e-03
5.5104447528719902e-03
5.5086896754801273e-03
5.5069364607334137e-03
5.5051865056157112e-03
5.5034393444657326e-03
5.5016935802996159e-03
5.4999501444399357e-03
5.4982095025479794e-03
5.4964711889624596e-03
5.4947361350059509e-03
5.4930029436945915e-03
5.4912716150283813e-03
5.4895426146686077e-03
5.4878168739378452e-03
5.4860925301909447e-03
5.4843714460730553e-03
5.4826522246003151e-03
5.4809353314340115e-03
5.4792207665741444e-03
5.4775089956820011e-03
5.4757995530962944e-03
5.4740915074944496e-03
5.4723867215216160e-03
5.4706837981939316e-03
5.4689841344952583e-03
5.4672849364578724e-03
5.4655899293720722e-03
5.4638967849314213e-03
5.4622055031359196e-03
5.4605165496468544e-03
5.4588299244642258e-03
5.4571460932493210e-03
5.4554645903408527e-03
5.4537849500775337e-03
5.4521076381206512e-03
5.4504321888089180e-03
5.4487599991261959e-03
5.4470892064273357e-03
5.4454212076961994e-03
5.4437555372714996e-03
5.4420921951532364e-03
5.4404302500188351e-03
5.4387715645134449e-03
5.4371152073144913e-03
5.4354602470993996e-03
5.4338080808520317e-03
5.4321582429111004e-03
5.4305102676153183e-03
5.4288646206259727e-03
5.4272213019430637e-03
5.4255807772278786e-03
5.4239411838352680e-03
5.4223043844103813e-03
5.4206699132919312e-03
5.4190377704799175e-03
5.4174079559743404e-03
5.4157804697751999e-03
5.4141548462212086e-03
5.4125310853123665e-03
5.4109101183712482e-03
5.4092914797365665e-03
5.4076742380857468e-03
5.4060593247413635e-03
5.4044472053647041e-03
5.4028364829719067e-03
5.4012285545468330e-03
5.3996229544281960e-03
5.3980192169547081e-03
5.3964178077876568e-03
5.3948177956044674e-03
5.3932201117277145e-03
5.3916252218186855e-03
5.3900326602160931e-03
5.3884414955973625e-03
5.3868526592850685e-03
5.3852661512792110e-03
5.3836810402572155e-03
5.3820987232029438e-03
5.3805178031325340e-03
5.3789406083524227e-03
5.3773643448948860e-03
5.3757904097437859e-03
5.3742188028991222e-03
5.3726490586996078e-03
5.3710811771452427e-03
5.3695160895586014e-03
5.3679519332945347e-03
5.3663905709981918e-03
5.3648310713469982e-03
5.3632743656635284e-03
5.3617185913026333e-03
5.3601660765707493e-03
5.3586154244840145e-03
5.3570661693811417e-03
5.3555197082459927e-03
5.3539746440947056e-03
5.3524319082498550e-03
5.3508910350501537e-03
5.3493515588343143e-03
5.3478158079087734e-03
5.3462805226445198e-03
5.3447480313479900e-03
5.3432178683578968e-03
5.3416881710290909e-03
5.3401626646518707e-03
5.3386376239359379e-03
5.3371149115264416e-03
5.3355949930846691e-03
5.3340760059654713e-03
5.3325598128139973e-03
5.3310450166463852e-03
5.3295325487852097e-03
5.3280219435691833e-03
5.3265132009983063e-03
5.3250067867338657e-03
5.3235022351145744e-03
5.3220000118017197e-03
5.3204991854727268e-03
5.3190002217888832e-03
5.3175031207501888e-03
5.3160083480179310e-03
5.3145154379308224e-03
5.3130243904888630e-03
5.3115356713533401e-03
5.3100483492016792e-03
5.3085633553564548e-03
5.3070802241563797e-03
5.3055994212627411e-03
5.3041200153529644e-03
5.3026429377496243e-03
5.3011667914688587e-03
5.2996939048171043e-03
5.2982224151492119e-03
5.2967518568038940e-03
5.2952845580875874e-03
5.2938186563551426e-03
5.2923555485904217e-03
5.2908929064869881e-03
5.2894330583512783e-03
5.2879741415381432e-03
5.2865180186927319e-03
5.2850637584924698e-03
5.2836104296147823e-03
5.2821598947048187e-03
5.2807107567787170e-03
5.2792639471590519e-03
5.2778190001845360e-03
5.2763749845325947e-03
5.2749332971870899e-03
5.2734944038093090e-03
5.2720564417541027e-03
5.2706208080053329e-03
5.2691865712404251e-03
5.2677546627819538e-03
5.2663236856460571e-03
5.2648955024778843e-03
5.2634691819548607e-03
5.2620433270931244e-03
5.2606207318603992e-03
5.2591995336115360e-03
5.2577801980078220e-03
5.2563622593879700e-03
5.2549461834132671e-03
5.2535319700837135e-03
5.2521205507218838e-03
5.2507105283439159e-03
5.2493014372885227e-03
5.2478942088782787e-03
5.2464888431131840e-03
5.2450862713158131e-03
5.2436850965023041e-03
5.2422848530113697e-03
5.2408864721655846e-03
5.2394904196262360e-03
5.2380957640707493e-03
5.2367034368216991e-03
5.2353129722177982e-03
5.2339239045977592e-03
5.2325362339615822e-03
5.2311504259705544e-03
5.2297669462859631e-03
5.2283843979239464e-03
5.2270046435296535e-03
5.2256253547966480e-03
5.2242488600313663e-03
5.2228732965886593e-03
5.2215000614523888e-03
5.2201277576386929e-03
5.2187577821314335e-03
5.2173901349306107e-03
5.2160234190523624e-03
5.2146576344966888e-03
5.2132951095700264e-03
5.2119344472885132e-03
5.2105733193457127e-03
5.2092154510319233e-03
5.2078599110245705e-03
5.2065043710172176e-03
5.2051516249775887e-03
5.2038007415831089e-03
5.2024512551724911e-03
5.2011027000844479e-03
5.1997574046254158e-03
5.1984121091663837e-03
5.1970696076750755e-03
5.1957280375063419e-03
5.1943892613053322e-03
5.1930509507656097e-03
5.1917149685323238e-03
5.1903799176216125e-03
5.1890471950173378e-03
5.1877154037356377e-03
5.1863859407603741e-03
5.1850578747689724e-03
5.1837316714227200e-03
5.1824068650603294e-03
5.1810839213430882e-03
5.1797628402709961e-03
5.1784426905214787e-03
5.1771253347396851e-03
5.1758084446191788e-03
5.1744929514825344e-03
5.1731793209910393e-03
5.1718680188059807e-03
5.1705576479434967e-03
5.1692491397261620e-03
5.1679429598152637e-03
5.1666372455656528e-03
5.1653333939611912e-03
5.1640318706631660e-03
5.1627308130264282e-03
5.1614325493574142e-03
5.1601347513496876e-03
5.1588392816483974e-03
5.1575452089309692e-03
5.1562520675361156e-03
5.1549612544476986e-03
5.1536718383431435e-03
5.1523842848837376e-03
5.1510981284081936e-03
5.1498138345777988e-03
5.1485300064086914e-03
5.1472485065460205e-03
5.1459688693284988e-03
5.1446906290948391e-03
5.1434133201837540e-03
5.1421383395791054e-03
5.1408647559583187e-03
5.1395921036601067e-03
5.1383213140070438e-03
5.1370514556765556e-03
5.1357843913137913e-03
5.1345182582736015e-03
5.1332539878785610e-03
5.1319906488060951e-03
5.1307291723787785e-03
5.1294690929353237e-03
5.1282113417983055e-03
5.1269540563225746e-03
5.1256986334919930e-03
5.1244446076452732e-03
5.1231915131211281e-03
5.1219416782259941e-03
5.1206918433308601e-03
5.1194434054195881e-03
5.1181972958147526e-03
5.1169525831937790e-03
5.1157092675566673e-03
5.1144668832421303e-03
5.1132268272340298e-03
5.1119881682097912e-03
5.1107504405081272e-03
5.1095141097903252e-03
5.1082796417176723e-03
5.1070470362901688e-03
5.1058153621852398e-03
5.1045850850641727e-03
5.1033566705882549e-03
5.1021291874349117e-03
5.1009035669267178e-03
5.0996793434023857e-03
5.0984565168619156e-03
5.0972355529665947e-03
5.0960159860551357e-03
5.0947978161275387e-03
5.0935805775225163e-03
5.0923647359013557e-03
5.0911507569253445e-03
5.0899386405944824e-03
5.0887274555861950e-03
5.0875176675617695e-03
5.0863092765212059e-03
5.0851022824645042e-03
5.0838971510529518e-03
5.0826929509639740e-03
5.0814906135201454e-03
5.0802896730601788e-03
5.0790891982614994e-03
5.0778915174305439e-03
5.0766938365995884e-03
5.0754989497363567e-03
5.0743045285344124e-03
5.0731124356389046e-03
5.0719208084046841e-03
5.0707305781543255e-03
5.0695426762104034e-03
5.0683561712503433e-03
5.0671701319515705e-03
5.0659859552979469e-03
5.0648022443056107e-03
5.0636213272809982e-03
5.0624413415789604e-03
5.0612627528607845e-03
5.0600855611264706e-03
5.0589093007147312e-03
5.0577349029481411e-03
5.0565614365041256e-03
5.0553898327052593e-03
5.0542196258902550e-03
5.0530508160591125e-03
5.0518834032118320e-03
5.0507169216871262e-03
5.0495513714849949e-03
5.0483886152505875e-03
5.0472258590161800e-03
5.0460658967494965e-03
5.0449059344828129e-03
5.0437473691999912e-03
5.0425911322236061e-03
5.0414362922310829e-03
5.0402814522385597e-03
5.0391284748911858e-03
5.0379773601889610e-03
5.0368267111480236e-03
5.0356783904135227e-03
5.0345319323241711e-03
5.0333854742348194e-03
5.0322408787906170e-03
5.0310967490077019e-03
5.0299554131925106e-03
5.0288150086998940e-03
5.0276750698685646e-03
5.0265365280210972e-03
5.0254003144800663e-03
5.0242650322616100e-03
5.0231311470270157e-03
5.0219981931149960e-03
5.0208666361868382e-03
5.0197369419038296e-03
5.0186077132821083e-03
5.0174798816442490e-03
5.0163539126515388e-03
5.0152293406426907e-03
5.0141052342951298e-03
5.0129834562540054e-03
5.0118616782128811e-03
5.0107422284781933e-03
5.0096241757273674e-03
5.0085065886378288e-03
5.0073908641934395e-03
5.0062765367329121e-03
5.0051636062562466e-03
5.0040511414408684e-03
5.0029405392706394e-03
5.0018308684229851e-03
5.0007235258817673e-03
4.9996161833405495e-03
4.9985102377831936e-03
4.9974061548709869e-03
4.9963034689426422e-03
4.9952021799981594e-03
4.9941008910536766e-03
4.9930019304156303e-03
4.9919039011001587e-03
4.9908072687685490e-03
4.9897120334208012e-03
4.9886177293956280e-03
4.9875243566930294e-03
4.9864333122968674e-03
4.9853427335619926e-03
4.9842530861496925e-03
4.9831657670438290e-03
4.9820793792605400e-03
4.9809939227998257e-03
4.9799093976616859e-03
4.9788262695074081e-03
4.9777450039982796e-03
4.9766642041504383e-03
4.9755848012864590e-03
4.9745072610676289e-03
4.9734306521713734e-03
4.9723554402589798e-03
4.9712811596691608e-03
4.9702073447406292e-03
4.9691358581185341e-03
4.9680657684803009e-03
4.9669961445033550e-03
4.9659279175102711e-03
4.9648610875010490e-03
4.9637961201369762e-03
4.9627311527729034e-03
4.9616675823926926e-03
4.9606063403189182e-03
4.9595450982451439e-03
4.9584847874939442e-03
4.9574268050491810e-03
4.9563692882657051e-03
4.9553145654499531e-03
4.9542593769729137e-03
4.9532051198184490e-03
4.9521531909704208e-03
4.9511017277836800e-03
4.9500521272420883e-03
4.9490029923617840e-03
4.9479561857879162e-03
4.9469093792140484e-03
4.9458639696240425e-03
4.9448204226791859e-03
4.9437778070569038e-03
4.9427361227571964e-03
4.9416953697800636e-03
4.9406569451093674e-03
4.9396180547773838e-03
4.9385814927518368e-03
4.9375463277101517e-03
4.9365116283297539e-03
4.9354778602719307e-03
4.9344459548592567e-03
4.9334149807691574e-03
4.9323854036629200e-03
4.9313562922179699e-03
4.9303295090794563e-03
4.9293031916022301e-03
4.9282773397862911e-03
4.9272538162767887e-03
4.9262307584285736e-03
4.9252090975642204e-03
4.9241888336837292e-03
4.9231699667870998e-03
4.9221520312130451e-03
4.9211340956389904e-03
4.9201184883713722e-03
4.9191042780876160e-03
4.9180909991264343e-03
4.9170781858265400e-03
4.9160663038492203e-03
4.9150558188557625e-03
4.9140476621687412e-03
4.9130395054817200e-03
4.9120336771011353e-03
4.9110278487205505e-03
4.9100234173238277e-03
4.9090203829109669e-03
4.9080182798206806e-03
4.9070175737142563e-03
4.9060177989304066e-03
4.9050184898078442e-03
4.9040210433304310e-03
4.9030245281755924e-03
4.9020294100046158e-03
4.9010352231562138e-03
4.9000424332916737e-03
4.8990505747497082e-03
4.8980601131916046e-03
4.8970705829560757e-03
4.8960819840431213e-03
4.8950943164527416e-03
4.8941075801849365e-03
4.8931227065622807e-03
4.8921382986009121e-03
4.8911557532846928e-03
4.8901741392910480e-03
4.8891929909586906e-03
4.8882137052714825e-03
4.8872348852455616e-03
4.8862574622035027e-03
4.8852809704840183e-03
4.8843063414096832e-03
4.8833326436579227e-03
4.8823594115674496e-03
4.8813871107995510e-03
4.8804162070155144e-03
4.8794467002153397e-03
4.8784785903990269e-03
4.8775109462440014e-03
4.8765446990728378e-03
4.8755789175629616e-03
4.8746145330369473e-03
4.8736515454947948e-03
4.8726904205977917e-03
4.8717297613620758e-03
4.8707686364650726e-03
4.8698103055357933e-03
4.8688524402678013e-03
4.8678959719836712e-03
4.8669409006834030e-03
4.8659858293831348e-03
4.8650326207280159e-03
4.8640808090567589e-03
4.8631299287080765e-03
4.8621790483593941e-03
4.8612309619784355e-03
4.8602824099361897e-03
4.8593361862003803e-03
4.8583899624645710e-03
4.8574456013739109e-03
4.8565017059445381e-03
4.8555592074990273e-03
4.8546176403760910e-03
4.8536774702370167e-03
4.8527373000979424e-03
4.8517999239265919e-03
4.8508616164326668e-03
4.8499256372451782e-03
4.8489905893802643e-03
4.8480564728379250e-03
4.8471232876181602e-03
4.8461914993822575e-03
4.8452606424689293e-03
4.8443302512168884e-03
4.8434012569487095e-03
4.8424741253256798e-03
4.8415469937026501e-03
4.8406212590634823e-03
4.8396969214081764e-03
4.8387735150754452e-03
4.8378505744040012e-03
4.8369285650551319e-03
4.8360088840126991e-03
4.8350896686315536e-03
4.8341709189116955e-03
4.8332531005144119e-03
4.8323371447622776e-03
4.8314221203327179e-03
4.8305075615644455e-03
4.8295943997800350e-03
4.8286821693181992e-03
4.8277713358402252e-03
4.8268614336848259e-03
4.8259515315294266e-03
4.8250434920191765e-03
4.8241368494927883e-03
4.8232306726276875e-03
4.8223254270851612e-03
4.8214211128652096e-03
4.8205191269516945e-03
4.8196176066994667e-03
4.8187156207859516e-03
4.8178154975175858e-03
4.8169172368943691e-03
4.8160189762711525e-03
4.8151221126317978e-03
4.8142257146537304e-03
4.8133321106433868e-03
4.8124380409717560e-03
4.8115449026226997e-03
4.8106536269187927e-03
4.8097623512148857e-03
4.8088729381561279e-03
4.8079835250973701e-03
4.8070959746837616e-03
4.8062088899314404e-03
4.8053232021629810e-03
4.8044384457170963e-03
4.8035550862550735e-03
4.8026721924543381e-03
4.8017906956374645e-03
4.8009096644818783e-03
4.8000295646488667e-03
4.7991508617997169e-03
4.7982730902731419e-03
4.7973962500691414e-03
4.7965208068490028e-03
4.7956453636288643e-03
4.7947713173925877e-03
4.7938991338014603e-03
4.7930269502103329e-03
4.7921561636030674e-03
4.7912863083183765e-03
4.7904178500175476e-03
4.7895498573780060e-03
4.7886827960610390e-03
4.7878157347440720e-03
4.7869510017335415e-03
4.7860872000455856e-03
4.7852238640189171e-03
4.7843614593148232e-03
4.7835013829171658e-03
4.7826403751969337e-03
4.7817812301218510e-03
4.7809230163693428e-03
4.7800661996006966e-03
4.7792098484933376e-03
4.7783544287085533e-03
4.7775004059076309e-03
4.7766463831067085e-03
4.7757942229509354e-03
4.7749425284564495e-03
4.7740917652845383e-03
4.7732423990964890e-03
4.7723934985697269e-03
4.7715464606881142e-03
4.7706998884677887e-03
4.7698547132313251e-03
4.7690090723335743e-03
4.7681648284196854e-03
4.7673219814896584e-03
4.7664805315434933e-03
4.7656390815973282e-03
4.7647994942963123e-03
4.7639599069952965e-03
4.7631226480007172e-03
4.7622849233448505e-03
4.7614481300115585e-03
4.7606131993234158e-03
4.7597787342965603e-03
4.7589456662535667e-03
4.7581125982105732e-03
4.7572813928127289e-03
4.7564506530761719e-03
4.7556208446621895e-03
4.7547919675707817e-03
4.7539640218019485e-03
4.7531365416944027e-03
4.7523104585707188e-03
4.7514857724308968e-03
4.7506615519523621e-03
4.7498382627964020e-03
4.7490159049630165e-03
4.7481949441134930e-03
4.7473744489252567e-03
4.7465548850595951e-03
4.7457357868552208e-03
4.7449180856347084e-03
4.7441008500754833e-03
4.7432854771614075e-03
4.7424705699086189e-03
4.7416561283171177e-03
4.7408430837094784e-03
4.7400314360857010e-03
4.7392197884619236e-03
4.7384090721607208e-03
4.7376002185046673e-03
4.7367908991873264e-03
4.7359834425151348e-03
4.7351769171655178e-03
4.7343708574771881e-03
4.7335657291114330e-03
4.7327619977295399e-03
4.7319582663476467e-03
4.7311563976109028e-03
4.7303549945354462e-03
4.7295545227825642e-03
4.7287549823522568e-03
4.7279559075832367e-03
4.7271582297980785e-03
4.7263610176742077e-03
4.7255656681954861e-03
4.7247698530554771e-03
4.7239754348993301e-03
4.7231819480657578e-03
4.7223893925547600e-03
4.7215982340276241e-03
4.7208070755004883e-03
4.7200177796185017e-03
4.7192284837365150e-03
4.7184401191771030e-03
4.7176531516015530e-03
4.7168661840260029e-03
4.7160806134343147e-03
4.7152969054877758e-03
4.7145127318799496e-03
4.7137299552559853e-03
4.7129481099545956e-03
4.7121667303144932e-03
4.7113862819969654e-03
4.7106067650020123e-03
4.7098281793296337e-03
4.7090509906411171e-03
4.7082738019526005e-03
4.7074980102479458e-03
4.7067226842045784e-03
4.7059482894837856e-03
4.7051752917468548e-03
4.7044022940099239e-03
4.7036311589181423e-03
4.7028600238263607e-03
4.7020898200571537e-03
4.7013205476105213e-03
4.7005526721477509e-03
4.6997847966849804e-03
4.6990183182060719e-03
4.6982527710497379e-03
4.6974881552159786e-03
4.6967240050435066e-03
4.6959603205323219e-03
4.6951984986662865e-03
4.6944371424615383e-03
4.6936762519180775e-03
4.6929162926971912e-03
4.6921577304601669e-03
4.6913987025618553e-03
4.6906415373086929e-03
4.6898848377168179e-03
4.6891290694475174e-03
4.6883746981620789e-03
4.6876207925379276e-03
4.6868678182363510e-03
4.6861153095960617e-03
4.6853632666170597e-03
4.6846126206219196e-03
4.6838629059493542e-03
4.6831131912767887e-03
4.6823653392493725e-03
4.6816179528832436e-03
4.6808714978396893e-03
4.6801255084574223e-03
4.6793804503977299e-03
4.6786363236606121e-03
4.6778931282460690e-03
4.6771503984928131e-03
4.6764086000621319e-03
4.6756677329540253e-03
4.6749273315072060e-03
4.6741883270442486e-03
4.6734493225812912e-03
4.6727121807634830e-03
4.6719750389456749e-03
4.6712388284504414e-03
4.6705035492777824e-03
4.6697692014276981e-03
4.6690357849001884e-03
4.6683023683726788e-03
4.6675703488290310e-03
4.6668392606079578e-03
4.6661081723868847e-03
4.6653789468109608e-03
4.6646497212350368e-03
4.6639218926429749e-03
4.6631945297122002e-03
4.6624671667814255e-03
4.6617416664958000e-03
4.6610170975327492e-03
4.6602925285696983e-03
4.6595684252679348e-03
4.6588461846113205e-03
4.6581244096159935e-03
4.6574031002819538e-03
4.6566827222704887e-03
4.6559628099203110e-03
4.6552442945539951e-03
4.6545262448489666e-03
4.6538086608052254e-03
4.6530924737453461e-03
4.6523767523467541e-03
4.6516614966094494e-03
4.6509471721947193e-03
4.6502337791025639e-03
4.6495208516716957e-03
4.6488093212246895e-03
4.6480982564389706e-03
4.6473876573145390e-03
4.6466775238513947e-03
4.6459687873721123e-03
4.6452609822154045e-03
4.6445536427199841e-03
4.6438467688858509e-03
4.6431408263742924e-03
4.6424358151853085e-03
4.6417317353188992e-03
4.6410281211137772e-03
4.6403249725699425e-03
4.6396227553486824e-03
4.6389214694499969e-03
4.6382211148738861e-03
4.6375207602977753e-03
4.6368213370442390e-03
4.6361233107745647e-03
4.6354252845048904e-03
4.6347281895577908e-03
4.6340320259332657e-03
4.6333363279700279e-03
4.6326420269906521e-03
4.6319477260112762e-03
4.6312548220157623e-03
4.6305619180202484e-03
4.6298699453473091e-03
4.6291789039969444e-03
4.6284887939691544e-03
4.6277991496026516e-03
4.6271095052361488e-03
4.6264217235147953e-03
4.6257339417934418e-03
4.6250475570559502e-03
4.6243611723184586e-03
4.6236757189035416e-03
4.6229907311499119e-03
4.6223076060414314e-03
4.6216240152716637e-03
4.6209413558244705e-03
4.6202596276998520e-03
4.6195788308978081e-03
4.6188980340957642e-03
4.6182181686162949e-03
4.6175392344594002e-03
4.6168607659637928e-03
4.6161832287907600e-03
4.6155066229403019e-03
4.6148304827511311e-03
4.6141548082232475e-03
4.6134800650179386e-03
4.6128057874739170e-03
4.6121324412524700e-03
4.6114604920148849e-03
4.6107880771160126e-03
4.6101170592010021e-03
4.6094460412859917e-03
4.6087759546935558e-03
4.6081067994236946e-03
4.6074381098151207e-03
4.6067703515291214e-03
4.6061030589044094e-03
4.6054366976022720e-03
4.6047708019614220e-03
4.6041049063205719e-03
4.6034408733248711e-03
4.6027768403291702e-03
4.6021137386560440e-03
4.6014515683054924e-03
4.6007898636162281e-03
4.6001286245882511e-03
4.5994683168828487e-03
4.5988080091774464e-03
4.5981490984559059e-03
4.5974906533956528e-03
4.5968326739966869e-03
4.5961756259202957e-03
4.5955190435051918e-03
4.5948633924126625e-03
4.5942082069814205e-03
4.5935539528727531e-03
4.5928996987640858e-03
4.5922468416392803e-03
4.5915939845144749e-03
4.5909425243735313e-03
4.5902915298938751e-03
4.5896400697529316e-03
4.5889904722571373e-03
4.5883418060839176e-03
4.5876926742494106e-03
4.5870444737374783e-03
4.5863976702094078e-03
4.5857508666813374e-03
4.5851045288145542e-03
4.5844595879316330e-03
4.5838146470487118e-03
4.5831706374883652e-03
4.5825270935893059e-03
4.5818844810128212e-03
4.5812423340976238e-03
4.5806001871824265e-03
4.5799594372510910e-03
4.5793191529810429e-03
4.5786793343722820e-03
4.5780404470860958e-03
4.5774020254611969e-03
4.5767645351588726e-03
4.5761270448565483e-03
4.5754904858767986e-03
4.5748543925583363e-03
4.5742192305624485e-03
4.5735845342278481e-03
4.5729507692158222e-03
4.5723165385425091e-03
4.5716841705143452e-03
4.5710518024861813e-03
4.5704203657805920e-03
4.5697893947362900e-03
4.5691588893532753e-03
4.5685288496315479e-03
4.5678997412323952e-03
4.5672715641558170e-03
4.5666433870792389e-03
4.5660166069865227e-03
4.5653893612325191e-03
4.5647635124623775e-03
4.5641376636922359e-03
4.5635132119059563e-03
4.5628887601196766e-03
4.5622652396559715e-03
4.5616417191922665e-03
4.5610191300511360e-03
4.5603974722325802e-03
4.5597758144140244e-03
4.5591555535793304e-03
4.5585352927446365e-03
4.5579154975712299e-03
4.5572966337203979e-03
4.5566787011921406e-03
4.5560603030025959e-03
4.5554433017969131e-03
4.5548263005912304e-03
4.5542106963694096e-03
4.5535950921475887e-03
4.5529799535870552e-03
4.5523657463490963e-03
4.5517520047724247e-03
4.5511391945183277e-03
4.5505268499255180e-03
4.5499145053327084e-03
4.5493026264011860e-03
4.5486926101148129e-03
4.5480821281671524e-03
4.5474725775420666e-03
4.5468630269169807e-03
4.5462544076144695e-03
4.5456462539732456e-03
4.5450394973158836e-03
4.5444322749972343e-03
4.5438259840011597e-03
4.5432201586663723e-03
4.5426152646541595e-03
4.5420103706419468e-03
4.5414064079523087e-03
4.5408024452626705e-03
4.5401994138956070e-03
4.5395973138511181e-03
4.5389956794679165e-03
4.5383940450847149e-03
4.5377933420240879e-03
4.5371935702860355e-03
4.5365937985479832e-03
4.5359944924712181e-03
4.5353961177170277e-03
4.5347982086241245e-03
4.5342007651925087e-03
4.5336037874221802e-03
4.5330072753131390e-03
4.5324116945266724e-03
4.5318161137402058e-03
4.5312219299376011e-03
4.5306272804737091e-03
4.5300335623323917e-03
4.5294407755136490e-03
4.5288479886949062e-03
4.5282556675374508e-03
4.5276642777025700e-03
4.5270738191902637e-03
4.5264833606779575e-03
4.5258929021656513e-03
4.5253038406372070e-03
4.5247147791087627e-03
4.5241261832416058e-03
4.5235385186970234e-03
4.5229513198137283e-03
4.5223645865917206e-03
4.5217783190310001e-03
4.5211929827928543e-03
4.5206076465547085e-03
4.5200227759778500e-03
4.5194383710622787e-03
4.5188548974692822e-03
4.5182714238762856e-03
4.5176893472671509e-03
4.5171068049967289e-03
4.5165251940488815e-03
4.5159445144236088e-03
4.5153638347983360e-03
4.5147836208343506e-03
4.5142043381929398e-03
4.5136250555515289e-03
4.5130462385714054e-03
4.5124688185751438e-03
4.5118909329175949e-03
4.5113139785826206e-03
4.5107374899089336e-03
4.5101610012352467e-03
4.5095859095454216e-03
4.5090108178555965e-03
4.5084361918270588e-03
4.5078620314598083e-03
4.5072883367538452e-03
4.5067151077091694e-03
4.5061432756483555e-03
4.5055705122649670e-03
4.5049991458654404e-03
4.5044282451272011e-03
4.5038573443889618e-03
4.5032873749732971e-03
4.5027178712189198e-03
4.5021488331258297e-03
4.5015802606940269e-03
4.5010112226009369e-03
4.5004440471529961e-03
4.4998768717050552e-03
4.4993101619184017e-03
4.4987434521317482e-03
4.4981776736676693e-03
4.4976123608648777e-03
4.4970475137233734e-03
4.4964835979044437e-03
4.4959192164242268e-03
4.4953557662665844e-03
4.4947932474315166e-03
4.4942302629351616e-03
4.4936686754226685e-03
4.4931070879101753e-03
4.4925459660589695e-03
4.4919853098690510e-03
4.4914246536791325e-03
4.4908658601343632e-03
4.4903061352670193e-03
4.4897478073835373e-03
4.4891894795000553e-03
4.4886311516165733e-03
4.4880737550556660e-03
4.4875172898173332e-03
4.4869603589177132e-03
4.4864043593406677e-03
4.4858488254249096e-03
4.4852937571704388e-03
4.4847391545772552e-03
4.4841850176453590e-03
4.4836313463747501e-03
4.4830781407654285e-03
4.4825254008173943e-03
4.4819726608693600e-03
4.4814208522439003e-03
4.4808690436184406e-03
4.4803181663155556e-03
4.4797677546739578e-03
4.4792173430323601e-03
4.4786678627133369e-03
4.4781183823943138e-03
4.4775693677365780e-03
4.4770212844014168e-03
4.4764732010662556e-03
4.4759255833923817e-03
4.4753784313797951e-03
4.4748312793672085e-03
4.4742855243384838e-03
4.4737397693097591e-03
4.4731944799423218e-03
4.4726491905748844e-03
4.4721048325300217e-03
4.4715609401464462e-03
4.4710165821015835e-03
4.4704740867018700e-03
4.4699306599795818e-03
4.4693886302411556e-03
4.4688466005027294e-03
4.4683050364255905e-03
4.4677639380097389e-03
4.4672228395938873e-03
4.4666831381618977e-03
4.4661429710686207e-03
4.4656032696366310e-03
4.4650644995272160e-03
4.4645257294178009e-03
4.4639874249696732e-03
4.4634500518441200e-03
4.4629126787185669e-03
4.4623757712543011e-03
4.4618388637900352e-03
4.4613028876483440e-03
4.4607669115066528e-03
4.4602323323488235e-03
4.4596968218684196e-03
4.4591622427105904e-03
4.4586276635527611e-03
4.4580944813787937e-03
4.4575612992048264e-03
4.4570276513695717e-03
4.4564954005181789e-03
4.4559636153280735e-03
4.4554313644766808e-03
4.4549005106091499e-03
4.4543696567416191e-03
4.4538392685353756e-03
4.4533088803291321e-03
4.4527784921228886e-03
4.4522495009005070e-03
4.4517205096781254e-03
4.4511915184557438e-03
4.4506639242172241e-03
4.4501358643174171e-03
4.4496082700788975e-03
4.4490816071629524e-03
4.4485544785857201e-03
4.4480287469923496e-03
4.4475030153989792e-03
4.4469772838056087e-03
4.4464520178735256e-03
4.4459272176027298e-03
4.4454028829932213e-03
4.4448790140450001e-03
4.4443551450967789e-03
4.4438322074711323e-03
4.4433092698454857e-03
4.4427867978811264e-03
4.4422647915780544e-03
4.4417427852749825e-03
4.4412212446331978e-03
4.4407006353139877e-03
4.4401800259947777e-03
4.4396594166755676e-03
4.4391392730176449e-03
4.4386200606822968e-03
4.4381008483469486e-03
4.4375821016728878e-03
4.4370642863214016e-03
4.4365460053086281e-03
4.4360281899571419e-03
4.4355108402669430e-03
4.4349934905767441e-03
4.4344775378704071e-03
4.4339611195027828e-03
4.4334451667964458e-03
4.4329296797513962e-03
4.4324141927063465e-03
4.4318996369838715e-03
4.4313846156001091e-03
4.4308709912002087e-03
4.4303569011390209e-03
4.4298432767391205e-03
4.4293301180005074e-03
4.4288178905844688e-03
4.4283056631684303e-03
4.4277929700911045e-03
4.4272812083363533e-03
4.4267699122428894e-03
4.4262595474720001e-03
4.4257482513785362e-03
4.4252383522689342e-03
4.4247279874980450e-03
4.4242180883884430e-03
4.4237091206014156e-03
4.4232001528143883e-03
4.4226916506886482e-03
4.4221831485629082e-03
4.4216751120984554e-03
4.4211675412952900e-03
4.4206599704921246e-03
4.4201528653502464e-03
4.4196462258696556e-03
4.4191405177116394e-03
4.4186338782310486e-03
4.4181281700730324e-03
4.4176233932375908e-03
4.4171181507408619e-03
4.4166133739054203e-03
4.4161090627312660e-03
4.4156047515571117e-03
4.4151013717055321e-03
4.4145975261926651e-03
4.4140946120023727e-03
4.4135916978120804e-03
4.4130892492830753e-03
4.4125872664153576e-03
4.4120852835476398e-03
4.4115837663412094e-03
4.4110827147960663e-03
4.4105821289122105e-03
4.4100815430283546e-03
4.4095809571444988e-03
4.4090808369219303e-03
4.4085816480219364e-03
4.4080819934606552e-03
4.4075828045606613e-03
4.4070840813219547e-03
4.4065862894058228e-03
4.4060880318284035e-03
4.4055902399122715e-03
4.4050924479961395e-03
4.4045951217412949e-03
4.4040977954864502e-03
4.4036018662154675e-03
4.4031050056219101e-03
4.4026095420122147e-03
4.4021136127412319e-03
4.4016186147928238e-03
4.4011226855218410e-03
4.4006281532347202e-03
4.4001336209475994e-03
4.3996390886604786e-03
4.3991450220346451e-03
4.3986518867313862e-03
4.3981578201055527e-03
4.3976646848022938e-03
4.3971720151603222e-03
4.3966793455183506e-03
4.3961871415376663e-03
4.3956954032182693e-03
4.3952036648988724e-03
4.3947119265794754e-03
4.3942211195826530e-03
4.3937303125858307e-03
4.3932395055890083e-03
4.3927491642534733e-03
4.3922592885792255e-03
4.3917694129049778e-03
4.3912800028920174e-03
4.3907910585403442e-03
4.3903016485273838e-03
4.3898127041757107e-03
4.3893246911466122e-03
4.3888366781175137e-03
4.3883481994271278e-03
4.3878611177206039e-03
4.3873735703527927e-03
4.3868864886462688e-03
4.3863998726010323e-03
4.3859132565557957e-03
4.3854271061718464e-03
4.3849409557878971e-03
4.3844548054039478e-03
4.3839691206812859e-03
4.3834843672811985e-03
4.3829991482198238e-03
4.3825148604810238e-03
4.3820296414196491e-03
4.3815458193421364e-03
4.3810615316033363e-03
4.3805781751871109e-03
4.3800943531095982e-03
4.3796114623546600e-03
4.3791285715997219e-03
4.3786452151834965e-03
4.3781623244285583e-03
4.3776808306574821e-03
4.3771984055638313e-03
4.3767169117927551e-03
4.3762354180216789e-03
4.3757539242506027e-03
4.3752728961408138e-03
4.3747918680310249e-03
4.3743113055825233e-03
4.3738312087953091e-03
4.3733511120080948e-03
4.3728710152208805e-03
4.3723913840949535e-03
4.3719122186303139e-03
4.3714330531656742e-03
4.3709543533623219e-03
4.3704751878976822e-03
4.3699969537556171e-03
4.3695182539522648e-03
4.3690404854714870e-03
4.3685627169907093e-03
4.3680844828486443e-03
4.3676071800291538e-03
4.3671303428709507e-03
4.3666535057127476e-03
4.3661771342158318e-03
4.3656998313963413e-03
4.3652239255607128e-03
4.3647480197250843e-03
4.3642721138894558e-03
4.3637962080538273e-03
4.3633212335407734e-03
4.3628457933664322e-03
4.3623708188533783e-03
4.3618963100016117e-03
4.3614213354885578e-03
4.3609468266367912e-03
4.3604732491075993e-03
4.3599987402558327e-03
4.3595251627266407e-03
4.3590515851974487e-03
4.3585780076682568e-03
4.3581044301390648e-03
4.3576322495937347e-03
4.3571591377258301e-03
4.3566869571805000e-03
4.3562143109738827e-03
4.3557425960898399e-03
4.3552704155445099e-03
4.3547987006604671e-03
4.3543269857764244e-03
4.3538552708923817e-03
4.3533840216696262e-03
4.3529132381081581e-03
4.3524424545466900e-03
4.3519721366465092e-03
4.3515013530850410e-03
4.3510305695235729e-03
4.3505611829459667e-03
4.3500908650457859e-03
4.3496210128068924e-03
4.3491516262292862e-03
4.3486827053129673e-03
4.3482133187353611e-03
4.3477439321577549e-03
4.3472754769027233e-03
4.3468070216476917e-03
4.3463381007313728e-03
4.3458696454763412e-03
4.3454016558825970e-03
4.3449336662888527e-03
4.3444656766951084e-03
4.3439981527626514e-03
4.3435306288301945e-03
4.3430635705590248e-03
4.3425965122878551e-03
4.3421294540166855e-03
4.3416623957455158e-03
4.3411962687969208e-03
4.3407292105257511e-03
4.3402630835771561e-03
4.3397969566285610e-03
4.3393308296799660e-03
4.3388647027313709e-03
4.3383990414440632e-03
4.3379333801567554e-03
4.3374681845307350e-03
4.3370029889047146e-03
4.3365377932786942e-03
4.3360730633139610e-03
4.3356078676879406e-03
4.3351436033844948e-03
4.3346788734197617e-03
4.3342146091163158e-03
4.3337503448128700e-03
4.3332860805094242e-03
4.3328218162059784e-03
4.3323584832251072e-03
4.3318946845829487e-03
4.3314308859407902e-03
4.3309675529599190e-03
4.3305046856403351e-03
4.3300413526594639e-03
4.3295784853398800e-03
4.3291156180202961e-03
4.3286527507007122e-03
4.3281898833811283e-03
4.3277274817228317e-03
4.3272655457258224e-03
4.3268031440675259e-03
4.3263412080705166e-03
4.3258788064122200e-03
4.3254168704152107e-03
4.3249549344182014e-03
4.3244939297437668e-03
4.3240324594080448e-03
4.3235709890723228e-03
4.3231095187366009e-03
4.3226480484008789e-03
4.3221875093877316e-03
4.3217265047132969e-03
4.3212659657001495e-03
4.3208049610257149e-03
4.3203444220125675e-03
4.3198834173381329e-03
4.3194233439862728e-03
4.3189637362957001e-03
4.3185027316212654e-03
4.3180431239306927e-03
4.3175830505788326e-03
4.3171229772269726e-03
4.3166633695363998e-03
4.3162037618458271e-03
4.3157436884939671e-03
4.3152845464646816e-03
4.3148254044353962e-03
4.3143662624061108e-03
4.3139071203768253e-03
4.3134475126862526e-03
4.3129883706569672e-03
4.3125292286276817e-03
4.3120705522596836e-03
4.3116123415529728e-03
4.3111531995236874e-03
4.3106945231556892e-03
4.3102363124489784e-03
4.3097781017422676e-03
4.3093194253742695e-03
4.3088612146675587e-03
4.3084030039608479e-03
4.3079447932541370e-03
4.3074870482087135e-03
4.3070288375020027e-03
4.3065710924565792e-03
4.3061128817498684e-03
4.3056551367044449e-03
4.3051978573203087e-03
4.3047401122748852e-03
4.3042823672294617e-03
4.3038250878453255e-03
4.3033673427999020e-03
4.3029100634157658e-03
4.3024527840316296e-03
4.3019955046474934e-03
4.3015386909246445e-03
4.3010814115405083e-03
4.3006241321563721e-03
4.3001673184335232e-03
4.2997105047106743e-03
4.2992532253265381e-03
4.2987964116036892e-03
4.2983400635421276e-03
4.2978832498192787e-03
4.2974264360964298e-03
4.2969696223735809e-03
4.2965128086507320e-03
4.2960559949278831e-03
4.2956001125276089e-03
4.2951432988047600e-03
4.2946869507431984e-03
4.2942306026816368e-03
4.2937742546200752e-03
4.2933174408972263e-03
4.2928615584969521e-03
4.2924052104353905e-03
4.2919493280351162e-03
4.2914925143122673e-03
4.2910366319119930e-03
4.2905802838504314e-03
4.2901244014501572e-03
4.2896685190498829e-03
4.2892121709883213e-03
4.2887562885880470e-03
4.2882999405264854e-03
4.2878435924649239e-03
4.2873881757259369e-03
4.2869322933256626e-03
4.2864764109253883e-03
4.2860205285251141e-03
4.2855641804635525e-03
4.2851082980632782e-03
4.2846519500017166e-03
4.2841965332627296e-03
4.2837406508624554e-03
4.2832852341234684e-03
4.2828288860619068e-03
4.2823730036616325e-03
4.2819175869226456e-03
4.2814612388610840e-03
4.2810053564608097e-03
4.2805490083992481e-03
4.2800935916602612e-03
4.2796377092599869e-03
4.2791822925209999e-03
4.2787259444594383e-03
4.2782700620591640e-03
4.2778146453201771e-03
4.2773582972586155e-03
4.2769019491970539e-03
4.2764465324580669e-03
4.2759906500577927e-03
4.2755347676575184e-03
4.2750788852572441e-03
4.2746225371956825e-03
4.2741666547954082e-03
4.2737103067338467e-03
4.2732544243335724e-03
4.2727980762720108e-03
4.2723417282104492e-03
4.2718863114714622e-03
4.2714294977486134e-03
4.2709736153483391e-03
4.2705172672867775e-03
4.2700613848865032e-03
4.2696045711636543e-03
4.2691482231020927e-03
4.2686923407018185e-03
4.2682355269789696e-03
4.2677791789174080e-03
4.2673228308558464e-03
4.2668664827942848e-03
4.2664092034101486e-03
4.2659528553485870e-03
4.2654960416257381e-03
4.2650396935641766e-03
4.2645824141800404e-03
4.2641260661184788e-03
4.2636692523956299e-03
4.2632119730114937e-03
4.2627551592886448e-03
4.2622978799045086e-03
4.2618410661816597e-03
4.2613837867975235e-03
4.2609265074133873e-03
4.2604696936905384e-03
4.2600119486451149e-03
4.2595546692609787e-03
4.2590973898768425e-03
4.2586391791701317e-03
4.2581818997859955e-03
4.2577241547405720e-03
4.2572664096951485e-03
4.2568086646497250e-03
4.2563509196043015e-03
4.2558931745588779e-03
4.2554344981908798e-03
4.2549767531454563e-03
4.2545180767774582e-03
4.2540603317320347e-03
4.2536016553640366e-03
4.2531429789960384e-03
4.2526847682893276e-03
4.2522260919213295e-03
4.2517674155533314e-03
4.2513082735240459e-03
4.2508495971560478e-03
4.2503904551267624e-03
4.2499308474361897e-03
4.2494721710681915e-03
4.2490125633776188e-03
4.2485534213483334e-03
4.2480938136577606e-03
4.2476342059671879e-03
4.2471745982766151e-03
4.2467140592634678e-03
4.2462549172341824e-03
4.2457948438823223e-03
4.2453343048691750e-03
4.2448742315173149e-03
4.2444136925041676e-03
4.2439536191523075e-03
4.2434926144778728e-03
4.2430316098034382e-03
4.2425710707902908e-03
4.2421105317771435e-03
4.2416490614414215e-03
4.2411875911056995e-03
4.2407265864312649e-03
4.2402651160955429e-03
4.2398031800985336e-03
4.2393412441015244e-03
4.2388797737658024e-03
4.2384178377687931e-03
4.2379554361104965e-03
4.2374930344521999e-03
4.2370310984551907e-03
4.2365682311356068e-03
4.2361053638160229e-03
4.2356424964964390e-03
4.2351796291768551e-03
4.2347167618572712e-03
4.2342529632151127e-03
4.2337896302342415e-03
4.2333262972533703e-03
4.2328624986112118e-03
4.2323982343077660e-03
4.2319344356656075e-03
4.2314701713621616e-03
4.2310054413974285e-03
4.2305411770939827e-03
4.2300764471292496e-03
4.2296117171645164e-03
4.2291465215384960e-03
4.2286813259124756e-03
4.2282161302864552e-03
4.2277504689991474e-03
4.2272843420505524e-03
4.2268186807632446e-03
4.2263530194759369e-03
4.2258859612047672e-03
4.2254202999174595e-03
4.2249532416462898e-03
4.2244866490364075e-03
4.2240195907652378e-03
4.2235525324940681e-03
4.2230850085616112e-03
4.2226174846291542e-03
4.2221499606966972e-03
4.2216815054416656e-03
4.2212135158479214e-03
4.2207450605928898e-03
4.2202766053378582e-03
4.2198081500828266e-03
4.2193387635052204e-03
4.2188698425889015e-03
4.2184004560112953e-03
4.2179310694336891e-03
4.2174607515335083e-03
4.2169908992946148e-03
4.2165210470557213e-03
4.2160502634942532e-03
4.2155799455940723e-03
4.2151091620326042e-03
4.2146379128098488e-03
4.2141666635870934e-03
4.2136954143643379e-03
4.2132236994802952e-03
4.2127515189349651e-03
4.2122798040509224e-03
4.2118071578443050e-03
4.2113340459764004e-03
4.2108613997697830e-03
4.2103882879018784e-03
4.2099151760339737e-03
4.2094415985047817e-03
4.2089680209755898e-03
4.2084939777851105e-03
4.2080194689333439e-03
4.2075449600815773e-03
4.2070704512298107e-03
4.2065950110554695e-03
4.2061200365424156e-03
4.2056445963680744e-03
4.2051682248711586e-03
4.2046923190355301e-03
4.2042164131999016e-03
4.2037395760416985e-03
4.2032627388834953e-03
4.2027854360640049e-03
4.2023076675832272e-03
4.2018308304250240e-03
4.2013525962829590e-03
4.2008748278021812e-03
4.2003956623375416e-03
4.1999174281954765e-03
4.1994382627308369e-03
4.1989590972661972e-03
4.1984794661402702e-03
4.1979998350143433e-03
4.1975197382271290e-03
4.1970391757786274e-03
4.1965581476688385e-03
4.1960775852203369e-03
4.1955960914492607e-03
4.1951145976781845e-03
4.1946326382458210e-03
4.1941506788134575e-03
4.1936677880585194e-03
4.1931848973035812e-03
4.1927020065486431e-03
4.1922186501324177e-03
4.1917352937161922e-03
4.1912510059773922e-03
4.1907667182385921e-03
4.1902819648385048e-03
4.1897972114384174e-03
4.1893115267157555e-03
4.1888263076543808e-03
4.1883401572704315e-03
4.1878544725477695e-03
4.1873678565025330e-03
4.1868807747960091e-03
4.1863932274281979e-03
4.1859056800603867e-03
4.1854181326925755e-03
4.1849296540021896e-03
4.1844416409730911e-03
4.1839526966214180e-03
4.1834632866084576e-03
4.1829734109342098e-03
4.1824840009212494e-03
4.1819936595857143e-03
4.1815028525888920e-03
4.1810115799307823e-03
4.1805203072726727e-03
4.1800290346145630e-03
4.1795368306338787e-03
4.1790446266531944e-03
4.1785514913499355e-03
4.1780588217079639e-03
4.1775647550821304e-03
4.1770711541175842e-03
4.1765770874917507e-03
4.1760825552046299e-03
4.1755875572562218e-03
4.1750920936465263e-03
4.1745966300368309e-03
4.1741007007658482e-03
4.1736038401722908e-03
4.1731069795787334e-03
4.1726091876626015e-03
4.1721118614077568e-03
4.1716140694916248e-03
4.1711153462529182e-03
4.1706166230142117e-03
4.1701178997755051e-03
4.1696177795529366e-03
4.1691176593303680e-03
4.1686170734465122e-03
4.1681164875626564e-03
4.1676154360175133e-03
4.1671139188110828e-03
4.1666114702820778e-03
4.1661090217530727e-03
4.1656061075627804e-03
4.1651027277112007e-03
4.1645988821983337e-03
4.1640945710241795e-03
4.1635902598500252e-03
4.1630850173532963e-03
4.1625797748565674e-03
4.1620736010372639e-03
4.1615674272179604e-03
4.1610607877373695e-03
4.1605536825954914e-03
4.1600456461310387e-03
4.1595376096665859e-03
4.1590286418795586e-03
4.1585196740925312e-03
4.1580102406442165e-03
4.1575008071959019e-03
4.1569904424250126e-03
4.1564791463315487e-03
4.1559683158993721e-03
4.1554565541446209e-03
4.1549438610672951e-03
4.1544311679899693e-03
4.1539180092513561e-03
4.1534043848514557e-03
4.1528902947902679e-03
4.1523757390677929e-03
4.1518607176840305e-03
4.1513452306389809e-03
4.1508288122713566e-03
4.1503128595650196e-03
4.1497955098748207e-03
4.1492776945233345e-03
4.1487603448331356e-03
4.1482415981590748e-03
4.1477223858237267e-03
4.1472027078270912e-03
4.1466825641691685e-03
4.1461624205112457e-03
4.1456413455307484e-03
4.1451193392276764e-03
4.1445973329246044e-03
4.1440753266215324e-03
4.1435519233345985e-03
4.1430285200476646e-03
4.1425041854381561e-03
4.1419798508286476e-03
4.1414541192352772e-03
4.1409283876419067e-03
4.1404021903872490e-03
4.1398750618100166e-03
4.1393479332327843e-03
4.1388198733329773e-03
4.1382913477718830e-03
4.1377623565495014e-03
4.1372328996658325e-03
4.1367029771208763e-03
4.1361725889146328e-03
4.1356408037245274e-03
4.1351090185344219e-03
4.1345767676830292e-03
4.1340440511703491e-03
4.1335104033350945e-03
4.1329758241772652e-03
4.1324417106807232e-03
4.1319062002003193e-03
4.1313702240586281e-03
4.1308337822556496e-03
4.1302968747913837e-03
4.1297595016658306e-03
4.1292211972177029e-03
4.1286824271082878e-03
4.1281431913375854e-03
4.1276030242443085e-03
4.1270628571510315e-03
4.1265212930738926e-03
4.1259797289967537e-03
4.1254372335970402e-03
4.1248942725360394e-03
4.1243508458137512e-03
4.1238064877688885e-03
4.1232621297240257e-03
4.1227163746953011e-03
4.1221701540052891e-03
4.1216234676539898e-03
4.1210758499801159e-03
4.1205277666449547e-03
4.1199792176485062e-03
4.1194302029907703e-03
4.1188797913491726e-03
4.1183293797075748e-03
4.1177785024046898e-03
4.1172257624566555e-03
4.1166734881699085e-03
4.1161202825605869e-03
4.1155666112899780e-03
4.1150120086967945e-03
4.1144569404423237e-03
4.1139004752039909e-03
4.1133440099656582e-03
4.1127866134047508e-03
4.1122287511825562e-03
4.1116704232990742e-03
4.1111111640930176e-03
4.1105509735643864e-03
4.1099903173744678e-03
4.1094287298619747e-03
4.1088671423494816e-03
4.1083041578531265e-03
4.1077407076954842e-03
4.1071763262152672e-03
4.1066110134124756e-03
4.1060457006096840e-03
4.1054794564843178e-03
4.1049122810363770e-03
4.1043446399271488e-03
4.1037760674953461e-03
4.1032065637409687e-03
4.1026370599865913e-03
4.1020661592483521e-03
4.1014947928488255e-03
4.1009220294654369e-03
4.1003497317433357e-03
4.0997751057147980e-03
4.0992014110088348e-03
4.0986258536577225e-03
4.0980498306453228e-03
4.0974733419716358e-03
4.0968954563140869e-03
4.0963175706565380e-03
4.0957382880151272e-03
4.0951585397124290e-03
4.0945778600871563e-03
4.0939962491393089e-03
4.0934146381914616e-03
4.0928316302597523e-03
4.0922476910054684e-03
4.0916632860898972e-03
4.0910774841904640e-03
4.0904916822910309e-03
4.0899049490690231e-03
4.0893168188631535e-03
4.0887282229959965e-03
4.0881386958062649e-03
4.0875487029552460e-03
4.0869577787816525e-03
4.0863659232854843e-03
4.0857731364667416e-03
4.0851794183254242e-03
4.0845847688615322e-03
4.0839901193976402e-03
4.0833936072885990e-03
4.0827970951795578e-03
4.0821991860866547e-03
4.0816008113324642e-03
4.0810010395944118e-03
4.0804008021950722e-03
4.0797996334731579e-03
4.0791975334286690e-03
4.0785945020616055e-03
4.0779910050332546e-03
4.0773865766823292e-03
4.0767812170088291e-03
4.0761744603514671e-03
4.0755672380328178e-03
4.0749590843915939e-03
4.0743499994277954e-03
4.0737399831414223e-03
4.0731290355324745e-03
4.0725171566009521e-03
4.0719043463468552e-03
4.0712906047701836e-03
4.0706763975322247e-03
4.0700612589716911e-03
4.0694442577660084e-03
4.0688272565603256e-03
4.0682088583707809e-03
4.0675895288586617e-03
4.0669701993465424e-03
4.0663490071892738e-03
4.0657268837094307e-03
4.0651042945683002e-03
4.0644803084433079e-03
4.0638558566570282e-03
4.0632300078868866e-03
4.0626032277941704e-03
4.0619750507175922e-03
4.0613464079797268e-03
4.0607168339192867e-03
4.0600863285362720e-03
4.0594548918306828e-03
4.0588220581412315e-03
4.0581887587904930e-03
4.0575540624558926e-03
4.0569184347987175e-03
4.0562823414802551e-03
4.0556448511779308e-03
4.0550064295530319e-03
4.0543666109442711e-03
4.0537263266742229e-03
4.0530846454203129e-03
4.0524420328438282e-03
4.0517984889447689e-03
4.0511540137231350e-03
4.0505086071789265e-03
4.0498618036508560e-03
4.0492140688002110e-03
4.0485654026269913e-03
4.0479158051311970e-03
4.0472648106515408e-03
4.0466128848493099e-03
4.0459604933857918e-03
4.0453062392771244e-03
4.0446515195071697e-03
4.0439954027533531e-03
4.0433383546769619e-03
4.0426799096167088e-03
4.0420209988951683e-03
4.0413611568510532e-03
4.0406989865005016e-03
4.0400372818112373e-03
4.0393732488155365e-03
4.0387087501585484e-03
4.0380433201789856e-03
4.0373764932155609e-03
4.0367082692682743e-03
4.0360395796597004e-03
4.0353694930672646e-03
4.0346984751522541e-03
4.0340260602533817e-03
4.0333522483706474e-03
4.0326779708266258e-03
4.0320027619600296e-03
4.0313256904482841e-03
4.0306476876139641e-03
4.0299687534570694e-03
4.0292888879776001e-03
4.0286076255142689e-03
4.0279254317283630e-03
4.0272418409585953e-03
4.0265568532049656e-03
4.0258713997900486e-03
4.0251845493912697e-03
4.0244958363473415e-03
4.0238071233034134e-03
4.0231165476143360e-03
4.0224250406026840e-03
4.0217326022684574e-03
4.0210383012890816e-03
4.0203435346484184e-03
4.0196473710238934e-03
4.0189498104155064e-03
4.0182513184845448e-03
4.0175514295697212e-03
4.0168506093323231e-03
4.0161488577723503e-03
4.0154457092285156e-03
4.0147411637008190e-03
4.0140352211892605e-03
4.0133283473551273e-03
4.0126205421984196e-03
4.0119118057191372e-03
4.0112012065947056e-03
4.0104896761476994e-03
4.0097767487168312e-03
4.0090628899633884e-03
4.0083476342260838e-03
4.0076314471662045e-03
4.0069138631224632e-03
4.0061948820948601e-03
4.0054749697446823e-03
4.0047541260719299e-03
4.0040314197540283e-03
4.0033073164522648e-03
4.0025832131505013e-03
4.0018572472035885e-03
4.0011294186115265e-03
4.0004011243581772e-03
3.9996709674596786e-03
3.9989403448998928e-03
3.9982083253562450e-03
3.9974749088287354e-03
3.9967396296560764e-03
3.9960038848221302e-03
3.9952667430043221e-03
3.9945286698639393e-03
3.9937891997396946e-03
3.9930483326315880e-03
3.9923060685396194e-03
3.9915628731250763e-03
3.9908182807266712e-03
3.9900722913444042e-03
3.9893253706395626e-03
3.9885775186121464e-03
3.9878278039395809e-03
3.9870771579444408e-03
3.9863251149654388e-03
3.9855721406638622e-03
3.9848173037171364e-03
3.9840620011091232e-03
3.9833048358559608e-03
3.9825462736189365e-03
3.9817867800593376e-03
3.9810263551771641e-03
3.9802640676498413e-03
3.9795013144612312e-03
3.9787371642887592e-03
3.9779711514711380e-03
3.9772042073309422e-03
3.9764363318681717e-03
3.9756665937602520e-03
3.9748959243297577e-03
3.9741243235766888e-03
3.9733513258397579e-03
3.9725764654576778e-03
3.9718011394143105e-03
3.9710239507257938e-03
3.9702462963759899e-03
3.9694672450423241e-03
3.9686863310635090e-03
3.9679049514234066e-03
3.9671217091381550e-03
3.9663375355303288e-03
3.9655519649386406e-03
3.9647659286856651e-03
3.9639775641262531e-03
3.9631882682442665e-03
3.9623985067009926e-03
3.9616064168512821e-03
3.9608138613402843e-03
3.9600199088454247e-03
3.9592250250279903e-03
3.9584287442266941e-03
3.9576310664415359e-03
3.9568324573338032e-03
3.9560324512422085e-03
3.9552310481667519e-03
3.9544287137687206e-03
3.9536249823868275e-03
3.9528203196823597e-03
3.9520147256553173e-03
3.9512072689831257e-03
3.9503988809883595e-03
3.9495900273323059e-03
3.9487788453698158e-03
3.9479676634073257e-03
3.9471541531383991e-03
3.9463397115468979e-03
3.9455248042941093e-03
3.9447085000574589e-03
3.9438907988369465e-03
3.9430721662938595e-03
3.9422526024281979e-03
3.9414316415786743e-03
3.9406092837452888e-03
3.9397864602506161e-03
3.9389622397720814e-03
3.9381366223096848e-03
3.9373100735247135e-03
3.9364825934171677e-03
3.9356537163257599e-03
3.9348239079117775e-03
3.9339931681752205e-03
3.9331614971160889e-03
3.9323284290730953e-03
3.9314944297075272e-03
3.9306590333580971e-03
3.9298227056860924e-03
3.9289854466915131e-03
3.9281477220356464e-03
3.9273081347346306e-03
3.9264680817723274e-03
3.9256266318261623e-03
3.9247842505574226e-03
3.9239404723048210e-03
3.9230962283909321e-03
3.9222505874931812e-03
3.9214040152728558e-03
3.9205574430525303e-03
3.9197090081870556e-03
3.9188601076602936e-03
3.9180098101496696e-03
3.9171585813164711e-03
3.9163068868219852e-03
3.9154537953436375e-03
3.9145997725427151e-03
3.9137452840805054e-03
3.9128893986344337e-03
3.9120330475270748e-03
3.9111757650971413e-03
3.9103170856833458e-03
3.9094584062695503e-03
3.9085983298718929e-03
3.9077368564903736e-03
3.9068753831088543e-03
3.9060132112354040e-03
3.9051496423780918e-03
3.9042856078594923e-03
3.9034208748489618e-03
3.9025552105158567e-03
3.9016883820295334e-03
3.9008213207125664e-03
3.8999530952423811e-03
3.8990846369415522e-03
3.8982150144875050e-03
3.8973446935415268e-03
3.8964736741036177e-03
3.8956021890044212e-03
3.8947300054132938e-03
3.8938571233302355e-03
3.8929833099246025e-03
3.8921090308576822e-03
3.8912340532988310e-03
3.8903581444174051e-03
3.8894817698746920e-03
3.8886049296706915e-03
3.8877278566360474e-03
3.8868498522788286e-03
3.8859711494296789e-03
3.8850922137498856e-03
3.8842121139168739e-03
3.8833317812532187e-03
3.8824507500976324e-03
3.8815697189420462e-03
3.8806877564638853e-03
3.8798053283244371e-03
3.8789226673543453e-03
3.8780393078923225e-03
3.8771557155996561e-03
3.8762716576457024e-03
3.8753869011998177e-03
3.8745014462620020e-03
3.8736164569854736e-03
3.8727303035557270e-03
3.8718441501259804e-03
3.8709575310349464e-03
3.8700709119439125e-03
3.8691835943609476e-03
3.8682958111166954e-03
3.8674073293805122e-03
3.8665195461362600e-03
3.8656305987387896e-03
3.8647421170026064e-03
3.8638527039438486e-03
3.8629637565463781e-03
3.8620736449956894e-03
3.8611835334450006e-03
3.8602936547249556e-03
3.8594033103436232e-03
3.8585125003010035e-03
3.8576219230890274e-03
3.8567313458770514e-03
3.8558400701731443e-03
3.8549494929611683e-03
3.8540575187653303e-03
3.8531664758920670e-03
3.8522745016962290e-03
3.8513829931616783e-03
3.8504912517964840e-03
3.8495992776006460e-03
3.8487077690660954e-03
3.8478155620396137e-03
3.8469238206744194e-03
3.8460318464785814e-03
3.8451396394520998e-03
3.8442478980869055e-03
3.8433554582297802e-03
3.8424637168645859e-03
3.8415719754993916e-03
3.8406802341341972e-03
3.8397882599383593e-03
3.8388965185731649e-03
3.8380047772079706e-03
3.8371135015040636e-03
3.8362217601388693e-03
3.8353304844349623e-03
3.8344392087310553e-03
3.8335483986884356e-03
3.8326573558151722e-03
3.8317667786031961e-03
3.8308762013912201e-03
3.8299860898405313e-03
3.8290952797979116e-03
3.8282058667391539e-03
3.8273157551884651e-03
3.8264265749603510e-03
3.8255371619015932e-03
3.8246479816734791e-03
3.8237592671066523e-03
3.8228707853704691e-03
3.8219825364649296e-03
3.8210947532206774e-03
3.8202072028070688e-03
3.8193198852241039e-03
3.8184328004717827e-03
3.8175461813807487e-03
3.8166593294590712e-03
3.8157736416906118e-03
3.8148877210915089e-03
3.8140027318149805e-03
3.8131179753690958e-03
3.8122334517538548e-03
3.8113493937999010e-03
3.8104658015072346e-03
3.8095824420452118e-03
3.8086993154138327e-03
3.8078168872743845e-03
3.8069351576268673e-03
3.8060534279793501e-03
3.8051723968237638e-03
3.8042915984988213e-03
3.8034114986658096e-03
3.8025313988327980e-03
3.8016526959836483e-03
3.8007739931344986e-03
3.7998957559466362e-03
3.7990175187587738e-03
3.7981404457241297e-03
3.7972631398588419e-03
3.7963872309774160e-03
3.7955115549266338e-03
3.7946361117064953e-03
3.7937615998089314e-03
3.7928875535726547e-03
3.7920142058283091e-03
3.7911410909146070e-03
3.7902684416621923e-03
3.7893967237323523e-03
3.7885257042944431e-03
3.7876546848565340e-03
3.7867845967411995e-03
3.7859152071177959e-03
3.7850460503250360e-03
3.7841780576854944e-03
3.7833102978765965e-03
3.7824427708983421e-03
3.7815761752426624e-03
3.7807102780789137e-03
3.7798450794070959e-03
3.7789803463965654e-03
3.7781160790473223e-03
3.7772527430206537e-03
3.7763901054859161e-03
3.7755277007818222e-03
3.7746662274003029e-03
3.7738047540187836e-03
3.7729446776211262e-03
3.7720850668847561e-03
3.7712261546403170e-03
3.7703677080571651e-03
3.7695097271353006e-03
3.7686526775360107e-03
3.7677963264286518e-03
3.7669399753212929e-03
3.7660852540284395e-03
3.7652305327355862e-03
3.7643772084265947e-03
3.7635234184563160e-03
3.7626710254698992e-03
3.7618193309754133e-03
3.7609683349728584e-03
3.7601173389703035e-03
3.7592677399516106e-03
3.7584186065942049e-03
3.7575699388980865e-03
3.7567224353551865e-03
3.7558749318122864e-03
3.7550281267613173e-03
3.7541822530329227e-03
3.7533370777964592e-03
3.7524928338825703e-03
3.7516485899686813e-03
3.7508052773773670e-03
3.7499626632779837e-03
3.7491209805011749e-03
3.7482795305550098e-03
3.7474387791007757e-03
3.7465989589691162e-03
3.7457598373293877e-03
3.7449204828590155e-03
3.7440827582031488e-03
3.7432454992085695e-03
3.7424084730446339e-03
3.7415726110339165e-03
3.7407367490231991e-03
3.7399020511657000e-03
3.7390682846307755e-03
3.7382345180958509e-03
3.7374016828835011e-03
3.7365695461630821e-03
3.7357376422733068e-03
3.7349069025367498e-03
3.7340763956308365e-03
3.7332470528781414e-03
3.7324172444641590e-03
3.7315890658646822e-03
3.7307615857571363e-03
3.7299338728189468e-03
3.7291073240339756e-03
3.7282810080796480e-03
3.7274560891091824e-03
3.7266309373080730e-03
3.7258069496601820e-03
3.7249829620122910e-03
3.7241599056869745e-03
3.7233373150229454e-03
3.7225154228508472e-03
3.7216939963400364e-03
3.7208732683211565e-03
3.7200532387942076e-03
3.7192336749285460e-03
3.7184145767241716e-03
3.7175961770117283e-03
3.7167782429605722e-03
3.7159610074013472e-03
3.7151442375034094e-03
3.7143277004361153e-03
3.7135116290301085e-03
3.7126967217773199e-03
3.7118820473551750e-03
3.7110680714249611e-03
3.7102545611560345e-03
3.7094417493790388e-03
3.7086289376020432e-03
3.7078168243169785e-03
3.7070051766932011e-03
3.7061942275613546e-03
3.7053839769214392e-03
3.7045737262815237e-03
3.7037641741335392e-03
3.7029550876468420e-03
3.7021466996520758e-03
3.7013385444879532e-03
3.7005310878157616e-03
3.6997240968048573e-03
3.6989168729633093e-03
3.6981110461056232e-03
3.6973054520785809e-03
3.6964998580515385e-03
3.6956951953470707e-03
3.6948902998119593e-03
3.6940868012607098e-03
3.6932830698788166e-03
3.6924800369888544e-03
3.6916772369295359e-03
3.6908749025315046e-03
3.6900728009641171e-03
3.6892713978886604e-03
3.6884704604744911e-03
3.6876697558909655e-03
3.6868692841380835e-03
3.6860697437077761e-03
3.6852699704468250e-03
3.6844708956778049e-03
3.6836718209087849e-03
3.6828736774623394e-03
3.6820753011852503e-03
3.6812778562307358e-03
3.6804806441068649e-03
3.6796834319829941e-03
3.6788866855204105e-03
3.6780904047191143e-03
3.6772943567484617e-03
3.6764987744390965e-03
3.6757036577910185e-03
3.6749083083122969e-03
3.6741138901561499e-03
3.6733194720000029e-03
3.6725252866744995e-03
3.6717311013489962e-03
3.6709380801767111e-03
3.6701445933431387e-03
3.6693520378321409e-03
3.6685590166598558e-03
3.6677664611488581e-03
3.6669746041297913e-03
3.6661829799413681e-03
3.6653911229223013e-03
3.6645997315645218e-03
3.6638085730373859e-03
3.6630176473408937e-03
3.6622269544750452e-03
3.6614364944398403e-03
3.6606462672352791e-03
3.6598562728613615e-03
3.6590667441487312e-03
3.6582769826054573e-03
3.6574876867234707e-03
3.6566981580108404e-03
3.6559095606207848e-03
3.6551209632307291e-03
3.6543321330100298e-03
3.6535435356199741e-03
3.6527556367218494e-03
3.6519677378237247e-03
3.6511796060949564e-03
3.6503924056887627e-03
3.6496045067906380e-03
3.6488170735538006e-03
3.6480301059782505e-03
3.6472429055720568e-03
3.6464554723352194e-03
3.6456689704209566e-03
3.6448822356760502e-03
3.6440955009311438e-03
3.6433092318475246e-03
3.6425227299332619e-03
3.6417366936802864e-03
3.6409504245966673e-03
3.6401643883436918e-03
3.6393785849213600e-03
3.6385925486683846e-03
3.6378072109073400e-03
3.6370216403156519e-03
3.6362356040626764e-03
3.6354500334709883e-03
3.6346646957099438e-03
3.6338795907795429e-03
3.6330940201878548e-03
3.6323089152574539e-03
3.6315238103270531e-03
3.6307384725660086e-03
3.6299533676356077e-03
3.6291684955358505e-03
3.6283829249441624e-03
3.6275982856750488e-03
3.6268129479140043e-03
3.6260283086448908e-03
3.6252429708838463e-03
3.6244585644453764e-03
3.6236736923456192e-03
3.6228885874152184e-03
3.6221037153154612e-03
3.6213186103850603e-03
3.6205339711159468e-03
3.6197490990161896e-03
3.6189639940857887e-03
3.6181793548166752e-03
3.6173940170556307e-03
3.6166089121252298e-03
3.6158238071948290e-03
3.6150391679257154e-03
3.6142538301646709e-03
3.6134689580649137e-03
3.6126833874732256e-03
3.6118982825428247e-03
3.6111127119511366e-03
3.6103276070207357e-03
3.6095422692596912e-03
3.6087566986680031e-03
3.6079711280763149e-03
3.6071853246539831e-03
3.6063995212316513e-03
3.6056141834706068e-03
3.6048279143869877e-03
3.6040423437952995e-03
3.6032558418810368e-03
3.6024698056280613e-03
3.6016835365444422e-03
3.6008972674608231e-03
3.6001109983772039e-03
3.5993242636322975e-03
3.5985377617180347e-03
3.5977505613118410e-03
3.5969640593975782e-03
3.5961770918220282e-03
3.5953896585851908e-03
3.5946026910096407e-03
3.5938150249421597e-03
3.5930278245359659e-03
3.5922399256378412e-03
3.5914520267397165e-03
3.5906643606722355e-03
3.5898762289434671e-03
3.5890880972146988e-03
3.5882992669939995e-03
3.5875109024345875e-03
3.5867223050445318e-03
3.5859330091625452e-03
3.5851444117724895e-03
3.5843551158905029e-03
3.5835655871778727e-03
3.5827760584652424e-03
3.5819860640913248e-03
3.5811965353786945e-03
3.5804065410047770e-03
3.5796158481389284e-03
3.5788258537650108e-03
3.5780351608991623e-03
3.5772442352026701e-03
3.5764530766755342e-03
3.5756614524871111e-03
3.5748705267906189e-03
3.5740786697715521e-03
3.5732870455831289e-03
3.5724949557334185e-03
3.5717026330530643e-03
3.5709100775420666e-03
3.5701177548617125e-03
3.5693247336894274e-03
3.5685317125171423e-03
3.5677382256835699e-03
3.5669447388499975e-03
3.5661510191857815e-03
3.5653570666909218e-03
3.5645626485347748e-03
3.5637682303786278e-03
3.5629735793918371e-03
3.5621789284050465e-03
3.5613835789263248e-03
3.5605882294476032e-03
3.5597924143075943e-03
3.5589965991675854e-03
3.5582003183662891e-03
3.5574040375649929e-03
3.5566072911024094e-03
3.5558107774704695e-03
3.5550135653465986e-03
3.5542158875614405e-03
3.5534182097762823e-03
3.5526207648217678e-03
3.5518226213753223e-03
3.5510240122675896e-03
3.5502251703292131e-03
3.5494260955601931e-03
3.5486270207911730e-03
3.5478274803608656e-03
3.5470274742692709e-03
3.5462279338389635e-03
3.5454274620860815e-03
3.5446267575025558e-03
3.5438260529190302e-03
3.5430246498435736e-03
3.5422237124294043e-03
3.5414220765233040e-03
3.5406199749559164e-03
3.5398176405578852e-03
3.5390150733292103e-03
3.5382122732698917e-03
3.5374094732105732e-03
3.5366062074899673e-03
3.5358022432774305e-03
3.5349980462342501e-03
3.5341940820217133e-03
3.5333896521478891e-03
3.5325845237821341e-03
3.5317796282470226e-03
3.5309742670506239e-03
3.5301682073622942e-03
3.5293623805046082e-03
3.5285563208162785e-03
3.5277497954666615e-03
3.5269428044557571e-03
3.5261355806142092e-03
3.5253281239420176e-03
3.5245206672698259e-03
3.5237120464444160e-03
3.5229038912802935e-03
3.5220955032855272e-03
3.5212866496294737e-03
3.5204770974814892e-03
3.5196675453335047e-03
3.5188575275242329e-03
3.5180475097149611e-03
3.5172370262444019e-03
3.5164263099431992e-03
3.5156151279807091e-03
3.5148039460182190e-03
3.5139922983944416e-03
3.5131801851093769e-03
3.5123680718243122e-03
3.5115554928779602e-03
3.5107424482703209e-03
3.5099291708320379e-03
3.5091156605631113e-03
3.5083019174635410e-03
3.5074881743639708e-03
3.5066732671111822e-03
3.5058588255196810e-03
3.5050439182668924e-03
3.5042283125221729e-03
3.5034129396080971e-03
3.5025968682020903e-03
3.5017805639654398e-03
3.5009637940675020e-03
3.5001472570002079e-03
3.4993300214409828e-03
3.4985127858817577e-03
3.4976950846612453e-03
3.4968771506100893e-03
3.4960587508976460e-03
3.4952401183545589e-03
3.4944210201501846e-03
3.4936021547764540e-03
3.4927823580801487e-03
3.4919625613838434e-03
3.4911422990262508e-03
3.4903220366686583e-03
3.4895013086497784e-03
3.4886803478002548e-03
3.4878591541200876e-03
3.4870372619479895e-03
3.4862156026065350e-03
3.4853930119425058e-03
3.4845711197704077e-03
3.4837480634450912e-03
3.4829247742891312e-03
3.4821019507944584e-03
3.4812779631465673e-03
3.4804539754986763e-03
3.4796299878507853e-03
3.4788055345416069e-03
3.4779810812324286e-03
3.4771561622619629e-03
3.4763305447995663e-03
3.4755051601678133e-03
3.4746788442134857e-03
3.4738532267510891e-03
3.4730264451354742e-03
3.4721996635198593e-03
3.4713731147348881e-03
3.4705461002886295e-03
3.4697183873504400e-03
3.4688906744122505e-03
3.4680624958127737e-03
3.4672343172132969e-03
3.4664059057831764e-03
3.4655770286917686e-03
3.4647481516003609e-03
3.4639188088476658e-03
3.4630892332643270e-03
3.4622596576809883e-03
3.4614291507750750e-03
3.4605988766998053e-03
3.4597686026245356e-03
3.4589380957186222e-03
3.4581066574901342e-03
3.4572754520922899e-03
3.4564437810331583e-03
3.4556121099740267e-03
3.4547799732536077e-03
3.4539478365331888e-03
3.4531154669821262e-03
3.4522828646004200e-03
3.4514500293880701e-03
3.4506169613450766e-03
3.4497836604714394e-03
3.4489501267671585e-03
3.4481161274015903e-03
3.4472823608666658e-03
3.4464481286704540e-03
3.4456136636435986e-03
3.4447789657860994e-03
3.4439442679286003e-03
3.4431093372404575e-03
3.4422739408910275e-03
3.4414385445415974e-03
3.4406029153615236e-03
3.4397672861814499e-03
3.4389311913400888e-03
3.4380950964987278e-03
3.4372587688267231e-03
3.4364222083240747e-03
3.4355854149907827e-03
3.4347483888268471e-03
3.4339113626629114e-03
3.4330743364989758e-03
3.4322368446737528e-03
3.4313993528485298e-03
3.4305618610233068e-03
3.4297236707061529e-03
3.4288854803889990e-03
3.4280475229024887e-03
3.4272090997546911e-03
3.4263706766068935e-03
3.4255320206284523e-03
3.4246933646500111e-03
3.4238547086715698e-03
3.4230153542011976e-03
3.4221764653921127e-03
3.4213368780910969e-03
3.4204977564513683e-03
3.4196579363197088e-03
3.4188188146799803e-03
3.4179789945483208e-03
3.4171391744166613e-03
3.4162991214543581e-03
3.4154586028307676e-03
3.4146185498684645e-03
3.4137787297368050e-03
3.4129379782825708e-03
3.4120974596589804e-03
3.4112571738660336e-03
3.4104161895811558e-03
3.4095759037882090e-03
3.4087351523339748e-03
3.4078946337103844e-03
3.4070536494255066e-03
3.4062121994793415e-03
3.4053714480251074e-03
3.4045302309095860e-03
3.4036892466247082e-03
3.4028480295091867e-03
3.4020068123936653e-03
3.4011658281087875e-03
3.4003246109932661e-03
3.3994833938777447e-03
3.3986417111009359e-03
3.3978004939854145e-03
3.3969590440392494e-03
3.3961175940930843e-03
3.3952761441469193e-03
3.3944351598620415e-03
3.3935937099158764e-03
3.3927522599697113e-03
3.3919108100235462e-03
3.3910691272467375e-03
3.3902279101312160e-03
3.3893864601850510e-03
3.3885452430695295e-03
3.3877040259540081e-03
3.3868628088384867e-03
3.3860215917229652e-03
3.3851801417768002e-03
3.3843389246612787e-03
3.3834979403764009e-03
3.3826574217528105e-03
3.3818162046372890e-03
3.3809749875217676e-03
3.3801342360675335e-03
3.3792934846132994e-03
3.3784527331590652e-03
3.3776119817048311e-03
3.3767714630812407e-03
3.3759314101189375e-03
3.3750908914953470e-03
3.3742506057024002e-03
3.3734103199094534e-03
3.3725702669471502e-03
3.3717304468154907e-03
3.3708906266838312e-03
3.3700510393828154e-03
3.3692112192511559e-03
3.3683720976114273e-03
3.3675327431410551e-03
3.3666933886706829e-03
3.3658542670309544e-03
3.3650156110525131e-03
3.3641769550740719e-03
3.3633382990956306e-03
3.3624996431171894e-03
3.3616614528000355e-03
3.3608237281441689e-03
3.3599855378270149e-03
3.3591480460017920e-03
3.3583107870072126e-03
3.3574732951819897e-03
3.3566362690180540e-03
3.3557992428541183e-03
3.3549626823514700e-03
3.3541263546794653e-03
3.3532900270074606e-03
3.3524536993354559e-03
3.3516180701553822e-03
3.3507826738059521e-03
3.3499470446258783e-03
3.3491121139377356e-03
3.3482774160802364e-03
3.3474427182227373e-03
3.3466084860265255e-03
3.3457742538303137e-03
3.3449407201260328e-03
3.3441071864217520e-03
3.3432741183787584e-03
3.3424410503357649e-03
3.3416082151234150e-03
3.3407758455723524e-03
3.3399437088519335e-03
3.3391125034540892e-03
3.3382805995643139e-03
3.3374496269971132e-03
3.3366184215992689e-03
3.3357883803546429e-03
3.3349581062793732e-03
3.3341282978653908e-03
3.3332989551126957e-03
3.3324698451906443e-03
3.3316409680992365e-03
3.3308125566691160e-03
3.3299846109002829e-03
3.3291568979620934e-03
3.3283296506851912e-03
3.3275028690695763e-03
3.3266756217926741e-03
3.3258497714996338e-03
3.3250241540372372e-03
3.3241990022361279e-03
3.3233738504350185e-03
3.3225489314645529e-03
3.3217251766473055e-03
3.3209014218300581e-03
3.3200778998434544e-03
3.3192550763487816e-03
3.3184329513460398e-03
3.3176110591739416e-03
3.3167893998324871e-03
3.3159679733216763e-03
3.3151477109640837e-03
3.3143269829452038e-03
3.3135074190795422e-03
3.3126880880445242e-03
3.3118696883320808e-03
3.3110510557889938e-03
3.3102335873991251e-03
3.3094163518399000e-03
3.3085993491113186e-03
3.3077828120440245e-03
3.3069672062993050e-03
3.3061518333852291e-03
3.3053369261324406e-03
3.3045227173715830e-03
3.3037092071026564e-03
3.3028959296643734e-03
3.3020831178873777e-03
3.3012710046023130e-03
3.3004595898091793e-03
3.2996484078466892e-03
3.2988379243761301e-03
3.2980281393975019e-03
3.2972185872495174e-03
3.2964101992547512e-03
3.2956020440906286e-03
3.2947941217571497e-03
3.2939873635768890e-03
3.2931806053966284e-03
3.2923752442002296e-03
3.2915696501731873e-03
3.2907652202993631e-03
3.2899617217481136e-03
3.2891577575355768e-03
3.2883551903069019e-03
3.2875530887395144e-03
3.2867514528334141e-03
3.2859507482498884e-03
3.2851505093276501e-03
3.2843509688973427e-03
3.2835518941283226e-03
3.2827535178512335e-03
3.2819558400660753e-03
3.2811590936034918e-03
3.2803628128021955e-03
3.2795672304928303e-03
3.2787718810141087e-03
3.2779779285192490e-03
3.2771844416856766e-03
3.2763914205133915e-03
3.2755993306636810e-03
3.2748077064752579e-03
3.2740172464400530e-03
3.2732272520661354e-03
3.2724377233535051e-03
3.2716491259634495e-03
3.2708609942346811e-03
3.2700737938284874e-03
3.2692877575755119e-03
3.2685019541531801e-03
3.2677170820534229e-03
3.2669326756149530e-03
3.2661492004990578e-03
3.2653661910444498e-03
3.2645845785737038e-03
3.2638031989336014e-03
3.2630229834467173e-03
3.2622432336211205e-03
3.2614641822874546e-03
3.2606862951070070e-03
3.2599091064184904e-03
3.2591323833912611e-03
3.2583568245172501e-03
3.2575817313045263e-03
3.2568073365837336e-03
3.2560343388468027e-03
3.2552613411098719e-03
3.2544897403568029e-03
3.2537188380956650e-03
3.2529488671571016e-03
3.2521798275411129e-03
3.2514112535864115e-03
3.2506433781236410e-03
3.2498768996447325e-03
3.2491104211658239e-03
3.2483458053320646e-03
3.2475811894983053e-03
3.2468177378177643e-03
3.2460552174597979e-03
3.2452933955937624e-03
3.2445327378809452e-03
3.2437727786600590e-03
3.2430135179311037e-03
3.2422554213553667e-03
3.2414977904409170e-03
3.2407413236796856e-03
3.2399857882410288e-03
3.2392309512943029e-03
3.2384768128395081e-03
3.2377240713685751e-03
3.2369715627282858e-03
3.2362206839025021e-03
3.2354702707380056e-03
3.2347207888960838e-03
3.2339720055460930e-03
3.2332243863493204e-03
3.2324779313057661e-03
3.2317321747541428e-03
3.2309873495250940e-03
3.2302432227879763e-03
3.2295000273734331e-03
3.2287579961121082e-03
3.2280168961733580e-03
3.2272767275571823e-03
3.2265370246022940e-03
3.2257989514619112e-03
3.2250611111521721e-03
3.2243244349956512e-03
3.2235886901617050e-03
3.2228541094809771e-03
3.2221204601228237e-03
3.2213879749178886e-03
3.2206559553742409e-03
3.2199250999838114e-03
3.2191954087466002e-03
3.2184661831706762e-03
3.2177381217479706e-03
3.2170107588171959e-03
3.2162847928702831e-03
3.2155597582459450e-03
3.2148351892828941e-03
3.2141122501343489e-03
3.2133900094777346e-03
3.2126691658049822e-03
3.2119485549628735e-03
3.2112291082739830e-03
3.2105108257383108e-03
3.2097934745252132e-03
3.2090770546346903e-03
3.2083613332360983e-03
3.2076472416520119e-03
3.2069333828985691e-03
3.2062213867902756e-03
3.2055098563432693e-03
3.2047990243881941e-03
3.2040895894169807e-03
3.2033810857683420e-03
3.2026735134422779e-03
3.2019671052694321e-03
3.2012613955885172e-03
3.2005570828914642e-03
3.1998534686863422e-03
3.1991505529731512e-03
3.1984490342438221e-03
3.1977489124983549e-03
3.1970487907528877e-03
3.1963500659912825e-03
3.1956529710441828e-03
3.1949561089277267e-03
3.1942608766257763e-03
3.1935661099851131e-03
3.1928725074976683e-03
3.1921803019940853e-03
3.1914887949824333e-03
3.1907984521239996e-03
3.1901090405881405e-03
3.1894205603748560e-03
3.1887334771454334e-03
3.1880475580692291e-03
3.1873632688075304e-03
3.1866803765296936e-03
3.1859993468970060e-03
3.1853206455707550e-03
3.1846454367041588e-03
3.1839746516197920e-03
3.1833108514547348e-03
3.1826572958379984e-03
3.1820198055356741e-03
3.1814072281122208e-03
3.1808319035917521e-03
3.1803124584257603e-03
3.1798691488802433e-03
3.1795236282050610e-03
3.1792642548680305e-03
3.1790491193532944e-03
3.1787250190973282e-03
3.1781417783349752e-03
3.1771322246640921e-03
3.1758027616888285e-03
3.1744129955768585e-03
3.1733054202049971e-03
3.1726239249110222e-03
3.1722651328891516e-03
3.1719745602458715e-03
3.1714979559183121e-03
3.1707400921732187e-03
3.1697743106633425e-03
3.1688127201050520e-03
3.1680269166827202e-03
3.1674522906541824e-03
3.1669847667217255e-03
3.1664751004427671e-03
3.1658320222049952e-03
3.1650634482502937e-03
3.1642632093280554e-03
3.1635293271392584e-03
3.1628999859094620e-03
3.1623404938727617e-03
3.1617793720215559e-03
3.1611609738320112e-03
3.1604780815541744e-03
3.1597686465829611e-03
3.1590790022164583e-03
3.1584370881319046e-03
3.1578356865793467e-03
3.1572449952363968e-03
3.1566345132887363e-03
3.1559944618493319e-03
3.1553343869745731e-03
3.1546757090836763e-03
3.1540351919829845e-03
3.1534170266240835e-03
3.1528112012892962e-03
3.1522030476480722e-03
3.1515841837972403e-03
3.1509529799222946e-03
3.1503173522651196e-03
3.1496852170675993e-03
3.1490633264183998e-03
3.1484505161643028e-03
3.1478423625230789e-03
3.1472325790673494e-03
3.1466188374906778e-03
3.1460006721317768e-03
3.1453808769583702e-03
3.1447634100914001e-03
3.1441508326679468e-03
3.1435422133654356e-03
3.1429363880306482e-03
3.1423312611877918e-03
3.1417247373610735e-03
3.1411172822117805e-03
3.1405091285705566e-03
3.1399016734212637e-03
3.1392963137477636e-03
3.1386932823807001e-03
3.1380921136587858e-03
3.1374923419207335e-03
3.1368932686746120e-03
3.1362939625978470e-03
3.1356948893517256e-03
3.1350965145975351e-03
3.1344986055046320e-03
3.1339018605649471e-03
3.1333069782704115e-03
3.1327130272984505e-03
3.1321202404797077e-03
3.1315281521528959e-03
3.1309369951486588e-03
3.1303463038057089e-03
3.1297563109546900e-03
3.1291667837649584e-03
3.1285779550671577e-03
3.1279905233532190e-03
3.1274040229618549e-03
3.1268186867237091e-03
3.1262338161468506e-03
3.1256501097232103e-03
3.1250668689608574e-03
3.1244847923517227e-03
3.1239034142345190e-03
3.1233227346092463e-03
3.1227427534759045e-03
3.1221634708344936e-03
3.1215848866850138e-03
3.1210074666887522e-03
3.1204312108457088e-03
3.1198554206639528e-03
3.1192807946354151e-03
3.1187064014375210e-03
3.1181329395622015e-03
3.1175604090094566e-03
3.1169888097792864e-03
3.1164176762104034e-03
3.1158474739640951e-03
3.1152784358710051e-03
3.1147093977779150e-03
3.1141412910073996e-03
3.1135745812207460e-03
3.1130081042647362e-03
3.1124423258006573e-03
3.1118779443204403e-03
3.1113140285015106e-03
3.1107508111745119e-03
3.1101880595088005e-03
3.1096264719963074e-03
3.1090655829757452e-03
3.1085051596164703e-03
3.1079456675797701e-03
3.1073868740350008e-03
3.1068287789821625e-03
3.1062718480825424e-03
3.1057151500135660e-03
3.1051593832671642e-03
3.1046040821820498e-03
3.1040499452501535e-03
3.1034960411489010e-03
3.1029430683702230e-03
3.1023912597447634e-03
3.1018394511193037e-03
3.1012885738164186e-03
3.1007388606667519e-03
3.1001891475170851e-03
3.0996403656899929e-03
3.0990927480161190e-03
3.0985451303422451e-03
3.0979986768215895e-03
3.0974526889622211e-03
3.0969073995947838e-03
3.0963632743805647e-03
3.0958196148276329e-03
3.0952759552747011e-03
3.0947334598749876e-03
3.0941916629672050e-03
3.0936505645513535e-03
3.0931099317967892e-03
3.0925702303647995e-03
3.0920307617634535e-03
3.0914922244846821e-03
3.0909546185284853e-03
3.0904174782335758e-03
3.0898805707693100e-03
3.0893448274582624e-03
3.0888095498085022e-03
3.0882749706506729e-03
3.0877413228154182e-03
3.0872081406414509e-03
3.0866761226207018e-03
3.0861455015838146e-03
3.0856160447001457e-03
3.0850879848003387e-03
3.0845620203763247e-03
3.0840400140732527e-03
3.0835226643830538e-03
3.0830125324428082e-03
3.0825145076960325e-03
3.0820355750620365e-03
3.0815852805972099e-03
3.0811829492449760e-03
3.0808523297309875e-03
3.0806364957243204e-03
3.0805768910795450e-03
3.0807384755462408e-03
3.0811016913503408e-03
3.0816216021776199e-03
3.0819068197160959e-03
3.0816178768873215e-03
3.0802334658801556e-03
3.0780972447246313e-03
3.0759344808757305e-03
3.0746511183679104e-03
3.0744604300707579e-03
3.0748525168746710e-03
3.0750499572604895e-03
3.0744869727641344e-03
3.0732669401913881e-03
3.0719349160790443e-03
3.0710864812135696e-03
3.0708343256264925e-03
3.0708180274814367e-03
3.0705723911523819e-03
3.0698829796165228e-03
3.0689465347677469e-03
3.0681169591844082e-03
3.0676100868731737e-03
3.0673407018184662e-03
3.0670515261590481e-03
3.0665572267025709e-03
3.0658661853522062e-03
3.0651555862277746e-03
3.0645825900137424e-03
3.0641665216535330e-03
3.0638000462204218e-03
3.0633576679974794e-03
3.0628012027591467e-03
3.0621890909969807e-03
3.0616170261055231e-03
3.0611301772296429e-03
3.0606989748775959e-03
3.0602591577917337e-03
3.0597653239965439e-03
3.0592239927500486e-03
3.0586766079068184e-03
3.0581625178456306e-03
3.0576889403164387e-03
3.0572316609323025e-03
3.0567606445401907e-03
3.0562616884708405e-03
3.0557448044419289e-03
3.0552311800420284e-03
3.0547361820936203e-03
3.0542591121047735e-03
3.0537878628820181e-03
3.0533079989254475e-03
3.0528155621141195e-03
3.0523149762302637e-03
3.0518171843141317e-03
3.0513280071318150e-03
3.0508479103446007e-03
3.0503703746944666e-03
3.0498902779072523e-03
3.0494036618620157e-03
3.0489137861877680e-03
3.0484241433441639e-03
3.0479379929602146e-03
3.0474564991891384e-03
3.0469773337244987e-03
3.0464979354292154e-03
3.0460164416581392e-03
3.0455328524112701e-03
3.0450480990111828e-03
3.0445652082562447e-03
3.0440839473158121e-03
3.0436047818511724e-03
3.0431263148784637e-03
3.0426478479057550e-03
3.0421679839491844e-03
3.0416876543313265e-03
3.0412075575441122e-03
3.0407281592488289e-03
3.0402499251067638e-03
3.0397723894566298e-03
3.0392948538064957e-03
3.0388182494789362e-03
3.0383414123207331e-03
3.0378641095012426e-03
3.0373868066817522e-03
3.0369099695235491e-03
3.0364338308572769e-03
3.0359581578522921e-03
3.0354829505085945e-03
3.0350079759955406e-03
3.0345330014824867e-03
3.0340582598000765e-03
3.0335835181176662e-03
3.0331090092658997e-03
3.0326345004141331e-03
3.0321606900542974e-03
3.0316873453557491e-03
3.0312137678265572e-03
3.0307408887892962e-03
3.0302682425826788e-03
3.0297958292067051e-03
3.0293229501694441e-03
3.0288510024547577e-03
3.0283790547400713e-03
3.0279068741947412e-03
3.0274356249719858e-03
3.0269639100879431e-03
3.0264928936958313e-03
3.0260218773037195e-03
3.0255510937422514e-03
3.0250803101807833e-03
3.0246102251112461e-03
3.0241399072110653e-03
3.0236700549721718e-03
3.0232002027332783e-03
3.0227305833250284e-03
3.0222609639167786e-03
3.0217918101698160e-03
3.0213221907615662e-03
3.0208535026758909e-03
3.0203845817595720e-03
3.0199161265045404e-03
3.0194476712495089e-03
3.0189792159944773e-03
3.0185109935700893e-03
3.0180430039763451e-03
3.0175747815519571e-03
3.0171072576195002e-03
3.0166395008563995e-03
3.0161719769239426e-03
3.0157046858221292e-03
3.0152376275509596e-03
3.0147705692797899e-03
3.0143035110086203e-03
3.0138362199068069e-03
3.0133696272969246e-03
3.0129032675176859e-03
3.0124364420771599e-03
3.0119703151285648e-03
3.0115039553493261e-03
3.0110378284007311e-03
3.0105714686214924e-03
3.0101053416728973e-03
3.0096396803855896e-03
3.0091735534369946e-03
3.0087078921496868e-03
3.0082419980317354e-03
3.0077768024057150e-03
3.0073111411184072e-03
3.0068457126617432e-03
3.0063805170357227e-03
3.0059150885790586e-03
3.0054498929530382e-03
3.0049844644963741e-03
3.0045197345316410e-03
3.0040545389056206e-03
3.0035898089408875e-03
3.0031246133148670e-03
3.0026601161807775e-03
3.0021949205547571e-03
3.0017301905900240e-03
3.0012654606252909e-03
3.0008007306605577e-03
3.0003362335264683e-03
2.9998715035617352e-03
2.9994065407663584e-03
2.9989420436322689e-03
2.9984775464981794e-03
2.9980135150253773e-03
2.9975490178912878e-03
2.9970849864184856e-03
2.9966209549456835e-03
2.9961576219648123e-03
2.9956942889839411e-03
2.9952316544950008e-03
2.9947701841592789e-03
2.9943108092993498e-03
2.9938537627458572e-03
2.9934013728052378e-03
2.9929562006145716e-03
2.9925224371254444e-03
2.9921063687652349e-03
2.9917210340499878e-03
2.9913827311247587e-03
2.9911231249570847e-03
2.9909815639257431e-03
2.9910311568528414e-03
2.9913308098912239e-03
2.9919897206127644e-03
2.9929152224212885e-03
2.9940130189061165e-03
2.9944868292659521e-03
2.9938679654151201e-03
2.9914926271885633e-03
2.9883875977247953e-03
2.9859235510230064e-03
2.9851717408746481e-03
2.9858502093702555e-03
2.9867414850741625e-03
2.9867289122194052e-03
2.9854162130504847e-03
2.9836210887879133e-03
2.9823896475136280e-03
2.9821756761521101e-03
2.9825016390532255e-03
2.9825202655047178e-03
2.9818273615092039e-03
2.9806704260408878e-03
2.9797058086842299e-03
2.9792918357998133e-03
2.9792427085340023e-03
2.9790946282446384e-03
2.9785507358610630e-03
2.9777376912534237e-03
2.9769905377179384e-03
2.9765334911644459e-03
2.9762897174805403e-03
2.9760119505226612e-03
2.9755344148725271e-03
2.9748964589089155e-03
2.9742764309048653e-03
2.9738035518676043e-03
2.9734536074101925e-03
2.9731043614447117e-03
2.9726552311331034e-03
2.9721136670559645e-03
2.9715646523982286e-03
2.9710840899497271e-03
2.9706759378314018e-03
2.9702826868742704e-03
2.9698472935706377e-03
2.9693581163883209e-03
2.9688505455851555e-03
2.9683690518140793e-03
2.9679283034056425e-03
2.9675066471099854e-03
2.9670726507902145e-03
2.9666109476238489e-03
2.9661303851753473e-03
2.9656530823558569e-03
2.9651953373104334e-03
2.9647538904100657e-03
2.9643143061548471e-03
2.9638637788593769e-03
2.9633997473865747e-03
2.9629310593008995e-03
2.9624667949974537e-03
2.9620123095810413e-03
2.9615638777613640e-03
2.9611147474497557e-03
2.9606595635414124e-03
2.9601976275444031e-03
2.9597342945635319e-03
2.9592737555503845e-03
2.9588176403194666e-03
2.9583638533949852e-03
2.9579093679785728e-03
2.9574523214250803e-03
2.9569922480732203e-03
2.9565305449068546e-03
2.9560700058937073e-03
2.9556110966950655e-03
2.9551533516496420e-03
2.9546956066042185e-03
2.9542369302362204e-03
2.9537766240537167e-03
2.9533149208873510e-03
2.9528534505516291e-03
2.9523919802159071e-03
2.9519316740334034e-03
2.9514709021896124e-03
2.9510101303458214e-03
2.9505484271794558e-03
2.9500860255211592e-03
2.9496229253709316e-03
2.9491595923900604e-03
2.9486964922398329e-03
2.9482331592589617e-03
2.9477700591087341e-03
2.9473062604665756e-03
2.9468419961631298e-03
2.9463774990290403e-03
2.9459123034030199e-03
2.9454466421157122e-03
2.9449807479977608e-03
2.9445150867104530e-03
2.9440489597618580e-03
2.9435825999826193e-03
2.9431157745420933e-03
2.9426477849483490e-03
2.9421804938465357e-03
2.9417122714221478e-03
2.9412435833364725e-03
2.9407746624201536e-03
2.9403059743344784e-03
2.9398363549262285e-03
2.9393667355179787e-03
2.9388959519565105e-03
2.9384251683950424e-03
2.9379543848335743e-03
2.9374826699495316e-03
2.9370111878961325e-03
2.9365387745201588e-03
2.9360658954828978e-03
2.9355930164456367e-03
2.9351189732551575e-03
2.9346451628953218e-03
2.9341706540435553e-03
2.9336961451917887e-03
2.9332207050174475e-03
2.9327454976737499e-03
2.9322691261768341e-03
2.9317927546799183e-03
2.9313156846910715e-03
2.9308381490409374e-03
2.9303603805601597e-03
2.9298819135874510e-03
2.9294032137840986e-03
2.9289242811501026e-03
2.9284441843628883e-03
2.9279640875756741e-03
2.9274835251271725e-03
2.9270022641867399e-03
2.9265205375850201e-03
2.9260383453220129e-03
2.9255556873977184e-03
2.9250727966427803e-03
2.9245887417346239e-03
2.9241051524877548e-03
2.9236201662570238e-03
2.9231351800262928e-03
2.9226492624729872e-03
2.9221631120890379e-03
2.9216767288744450e-03
2.9211891815066338e-03
2.9207014013081789e-03
2.9202131554484367e-03
2.9197239782661200e-03
2.9192345682531595e-03
2.9187446925789118e-03
2.9182541184127331e-03
2.9177630785852671e-03
2.9172713402658701e-03
2.9167791362851858e-03
2.9162862338125706e-03
2.9157926328480244e-03
2.9152987990528345e-03
2.9148040339350700e-03
2.9143088031560183e-03
2.9138126410543919e-03
2.9133162461221218e-03
2.9128193855285645e-03
2.9123218264430761e-03
2.9118238016963005e-03
2.9113246127963066e-03
2.9108254238963127e-03
2.9103253036737442e-03
2.9098244849592447e-03
2.9093227349221706e-03
2.9088207520544529e-03
2.9083178378641605e-03
2.9078142251819372e-03
2.9073103796690702e-03
2.9068058356642723e-03
2.9063008259981871e-03
2.9057948850095272e-03
2.9052882455289364e-03
2.9047811403870583e-03
2.9042738024145365e-03
2.9037653002887964e-03
2.9032574966549873e-03
2.9027494601905346e-03
2.9022421222180128e-03
2.9017361812293530e-03
2.9012325685471296e-03
2.9007343109697104e-03
2.9002439696341753e-03
2.8997678309679031e-03
2.8993163723498583e-03
2.8989049606025219e-03
2.8985617682337761e-03
2.8983273077756166e-03
2.8982786461710930e-03
2.8984935488551855e-03
2.8991345316171646e-03
2.9002032242715359e-03
2.9017848428338766e-03
2.9030970763415098e-03
2.9035808984190226e-03
2.9016591142863035e-03
2.8979864437133074e-03
2.8940022457391024e-03
2.8919614851474762e-03
2.8923603240400553e-03
2.8938367031514645e-03
2.8944984078407288e-03
2.8932190034538507e-03
2.8908571694046259e-03
2.8890115208923817e-03
2.8886543586850166e-03
2.8892301488667727e-03
2.8894348070025444e-03
2.8885828796774149e-03
2.8870403766632080e-03
2.8858513105660677e-03
2.8855139389634132e-03
2.8856196440756321e-03
2.8854233678430319e-03
2.8845954220741987e-03
2.8835164848715067e-03
2.8827264904975891e-03
2.8823949396610260e-03
2.8822144959121943e-03
2.8817872516810894e-03
2.8810405638068914e-03
2.8802207671105862e-03
2.8796098195016384e-03
2.8792296070605516e-03
2.8788764029741287e-03
2.8783634770661592e-03
2.8776912949979305e-03
2.8770160861313343e-03
2.8764652088284492e-03
2.8760246932506561e-03
2.8755816165357828e-03
2.8750447090715170e-03
2.8744302690029144e-03
2.8738216497004032e-03
2.8732821810990572e-03
2.8727978933602571e-03
2.8723077848553658e-03
2.8717678505927324e-03
2.8711869381368160e-03
2.8706083539873362e-03
2.8700639959424734e-03
2.8695496730506420e-03
2.8690348844975233e-03
2.8684947174042463e-03
2.8679305687546730e-03
2.8673638589680195e-03
2.8668127488344908e-03
2.8662781696766615e-03
2.8657463844865561e-03
2.8652041219174862e-03
2.8646471910178661e-03
2.8640849050134420e-03
2.8635270427912474e-03
2.8629782609641552e-03
2.8624334372580051e-03
2.8618853539228439e-03
2.8613295871764421e-03
2.8607675340026617e-03
2.8602052479982376e-03
2.8596459887921810e-03
2.8590902220457792e-03
2.8585335239768028e-03
2.8579744976013899e-03
2.8574108146131039e-03
2.8568443376570940e-03
2.8562773950397968e-03
2.8557118494063616e-03
2.8551465366035700e-03
2.8545809909701347e-03
2.8540124185383320e-03
2.8534415178000927e-03
2.8528685215860605e-03
2.8522948268800974e-03
2.8517218306660652e-03
2.8511474374681711e-03
2.8505723457783461e-03
2.8499958571046591e-03
2.8494177386164665e-03
2.8488372918218374e-03
2.8482563793659210e-03
2.8476743027567863e-03
2.8470910619944334e-03
2.8465073555707932e-03
2.8459220193326473e-03
2.8453352861106396e-03
2.8447473887354136e-03
2.8441580943763256e-03
2.8435669373720884e-03
2.8429755475372076e-03
2.8423822950571775e-03
2.8417883440852165e-03
2.8411927632987499e-03
2.8405962511897087e-03
2.8399985749274492e-03
2.8393990360200405e-03
2.8387978672981262e-03
2.8381957672536373e-03
2.8375922702252865e-03
2.8369880747050047e-03
2.8363822493702173e-03
2.8357750270515680e-03
2.8351661749184132e-03
2.8345563914626837e-03
2.8339447453618050e-03
2.8333324007689953e-03
2.8327181935310364e-03
2.8321028221398592e-03
2.8314862865954638e-03
2.8308681212365627e-03
2.8302487917244434e-03
2.8296275995671749e-03
2.8290050104260445e-03
2.8283810243010521e-03
2.8277558740228415e-03
2.8271297924220562e-03
2.8265018481761217e-03
2.8258722741156816e-03
2.8252417687326670e-03
2.8246091678738594e-03
2.8239751700311899e-03
2.8233402408659458e-03
2.8227036818861961e-03
2.8220654930919409e-03
2.8214254416525364e-03
2.8207844588905573e-03
2.8201418463140726e-03
2.8194978367537260e-03
2.8188521973788738e-03
2.8182051610201597e-03
2.8175562620162964e-03
2.8169064316898584e-03
2.8162547387182713e-03
2.8156011831015348e-03
2.8149464633315802e-03
2.8142903465777636e-03
2.8136323671787977e-03
2.8129729907959700e-03
2.8123117517679930e-03
2.8116493485867977e-03
2.8109850827604532e-03
2.8103194199502468e-03
2.8096523601561785e-03
2.8089832048863173e-03
2.8083124198019505e-03
2.8076400049030781e-03
2.8069664258509874e-03
2.8062909841537476e-03
2.8056136798113585e-03
2.8049349784851074e-03
2.8042546473443508e-03
2.8035726863890886e-03
2.8028888627886772e-03
2.8022036422044039e-03
2.8015165589749813e-03
2.8008278459310532e-03
2.8001370374113321e-03
2.7994445990771055e-03
2.7987512294203043e-03
2.7980555314570665e-03
2.7973582036793232e-03
2.7966590132564306e-03
2.7959584258496761e-03
2.7952559757977724e-03
2.7945518959313631e-03
2.7938461862504482e-03
2.7931386139243841e-03
2.7924298774451017e-03
2.7917197439819574e-03
2.7910089120268822e-03
2.7902973815798759e-03
2.7895870152860880e-03
2.7888782788068056e-03
2.7881746646016836e-03
2.7874824590981007e-03
2.7868086472153664e-03
2.7861711569130421e-03
2.7855969965457916e-03
2.7851387858390808e-03
2.7848647441715002e-03
2.7849208563566208e-03
2.7853839565068483e-03
2.7864538133144379e-03
2.7876209933310747e-03
2.7885555755347013e-03
2.7875555679202080e-03
2.7850663755089045e-03
2.7816898655146360e-03
2.7790588792413473e-03
2.7775610797107220e-03
2.7769899461418390e-03
2.7770057786256075e-03
2.7770709712058306e-03
2.7765969280153513e-03
2.7750597801059484e-03
2.7729785069823265e-03
2.7714781463146210e-03
2.7711549773812294e-03
2.7713645249605179e-03
2.7709745336323977e-03
2.7696499601006508e-03
2.7680522762238979e-03
2.7670247945934534e-03
2.7666254900395870e-03
2.7662748470902443e-03
2.7655367739498615e-03
2.7644941583275795e-03
2.7635039296001196e-03
2.7627123054116964e-03
2.7620117180049419e-03
2.7612762060016394e-03
2.7605092618614435e-03
2.7597590815275908e-03
2.7589940000325441e-03
2.7581639587879181e-03
2.7572922408580780e-03
2.7564782649278641e-03
2.7557683642953634e-03
2.7550896629691124e-03
2.7543355245143175e-03
2.7534775435924530e-03
2.7526014018803835e-03
2.7517969720065594e-03
2.7510714717209339e-03
2.7503543533384800e-03
2.7495790272951126e-03
2.7487475890666246e-03
2.7479077689349651e-03
2.7471021749079227e-03
2.7463298756629229e-03
2.7455610688775778e-03
2.7447734028100967e-03
2.7439657133072615e-03
2.7431517373770475e-03
2.7423400897532701e-03
2.7415324002504349e-03
2.7407261077314615e-03
2.7399207465350628e-03
2.7391151525080204e-03
2.7383069973438978e-03
2.7374925557523966e-03
2.7366697322577238e-03
2.7358420193195343e-03
2.7350164018571377e-03
2.7341949753463268e-03
2.7333763428032398e-03
2.7325546834617853e-03
2.7317251078784466e-03
2.7308885473757982e-03
2.7300484944134951e-03
2.7292093727737665e-03
2.7283714152872562e-03
2.7275334578007460e-03
2.7266924735158682e-03
2.7258472982794046e-03
2.7249981649219990e-03
2.7241464704275131e-03
2.7232933789491653e-03
2.7224384248256683e-03
2.7215813752263784e-03
2.7207217644900084e-03
2.7198588941246271e-03
2.7189941611140966e-03
2.7181277982890606e-03
2.7172591071575880e-03
2.7163883205503225e-03
2.7155140414834023e-03
2.7146369684487581e-03
2.7137573342770338e-03
2.7128749061375856e-03
2.7119903825223446e-03
2.7111037634313107e-03
2.7102145832031965e-03
2.7093228418380022e-03
2.7084287721663713e-03
2.7075319085270166e-03
2.7066324837505817e-03
2.7057304978370667e-03
2.7048254851251841e-03
2.7039183769375086e-03
2.7030084747821093e-03
2.7020957786589861e-03
2.7011802885681391e-03
2.7002620045095682e-03
2.6993413921445608e-03
2.6984179858118296e-03
2.6974917855113745e-03
2.6965627912431955e-03
2.6956312358379364e-03
2.6946968864649534e-03
2.6937595102936029e-03
2.6928195729851723e-03
2.6918770745396614e-03
2.6909315492957830e-03
2.6899832300841808e-03
2.6890325825661421e-03
2.6880786754190922e-03
2.6871231384575367e-03
2.6861643418669701e-03
2.6852039154618979e-03
2.6842423249036074e-03
2.6832800358533859e-03
2.6823186781257391e-03
2.6813619770109653e-03
2.6804143562912941e-03
2.6794846635311842e-03
2.6785894297063351e-03
2.6777547318488359e-03
2.6770350523293018e-03
2.6764955837279558e-03
2.6762830093502998e-03
2.6764562353491783e-03
2.6771698612719774e-03
2.6777642779052258e-03
2.6776865124702454e-03
2.6752182748168707e-03
2.6713404804468155e-03
2.6679106522351503e-03
2.6668317150324583e-03
2.6675076223909855e-03
2.6677760761231184e-03
2.6663155294954777e-03
2.6635788381099701e-03
2.6615872047841549e-03
2.6611429639160633e-03
2.6612000074237585e-03
2.6603764854371548e-03
2.6584602892398834e-03
2.6566335000097752e-03
2.6557324454188347e-03
2.6553664356470108e-03
2.6546139270067215e-03
2.6531529147177935e-03
2.6516017969697714e-03
2.6505519635975361e-03
2.6498963125050068e-03
2.6490879245102406e-03
2.6478481013327837e-03
2.6464748661965132e-03
2.6453544851392508e-03
2.6445125695317984e-03
2.6436529587954283e-03
2.6425498072057962e-03
2.6413050945848227e-03
2.6401504874229431e-03
2.6391753926873207e-03
2.6382503565400839e-03
2.6372144930064678e-03
2.6360591873526573e-03
2.6349006220698357e-03
2.6338354218751192e-03
2.6328421663492918e-03
2.6318263262510300e-03
2.6307362131774426e-03
2.6296002324670553e-03
2.6284868363291025e-03
2.6274253614246845e-03
2.6263860054314137e-03
2.6253226678818464e-03
2.6242181193083525e-03
2.6230951771140099e-03
2.6219869032502174e-03
2.6209042407572269e-03
2.6198308914899826e-03
2.6187445037066936e-03
2.6176357641816139e-03
2.6165137533098459e-03
2.6153957005590200e-03
2.6142888236790895e-03
2.6131884660571814e-03
2.6120839174836874e-03
2.6109681930392981e-03
2.6098412927240133e-03
2.6087108999490738e-03
2.6075826026499271e-03
2.6064582634717226e-03
2.6053341571241617e-03
2.6042063254863024e-03
2.6030717417597771e-03
2.6019308716058731e-03
2.6007865089923143e-03
2.5996416807174683e-03
2.5984970852732658e-03
2.5973515585064888e-03
2.5962039362639189e-03
2.5950523559004068e-03
2.5938963517546654e-03
2.5927361566573381e-03
2.5915736332535744e-03
2.5904094800353050e-03
2.5892434641718864e-03
2.5880760513246059e-03
2.5869060773402452e-03
2.5857337750494480e-03
2.5845579802989960e-03
2.5833791587501764e-03
2.5821977760642767e-03
2.5810131337493658e-03
2.5798266287893057e-03
2.5786382611840963e-03
2.5774480309337378e-03
2.5762554723769426e-03
2.5750610511749983e-03
2.5738643016666174e-03
2.5726668536663055e-03
2.5714682415127754e-03
2.5702691636979580e-03
2.5690726470202208e-03
2.5678800884634256e-03
2.5666968431323767e-03
2.5655296631157398e-03
2.5643908884376287e-03
2.5633024051785469e-03
2.5622970424592495e-03
2.5614344049245119e-03
2.5608006399124861e-03
2.5605380069464445e-03
2.5607966817915440e-03
2.5617363862693310e-03
2.5631652679294348e-03
2.5644379202276468e-03
2.5638986844569445e-03
2.5603901594877243e-03
2.5544755626469851e-03
2.5492780841886997e-03
2.5473458226770163e-03
2.5483358185738325e-03
2.5496433954685926e-03
2.5487670209258795e-03
2.5454889982938766e-03
2.5418661534786224e-03
2.5400791782885790e-03
2.5401555467396975e-03
2.5403266772627831e-03
2.5390670634806156e-03
2.5365222245454788e-03
2.5341531727463007e-03
2.5329908821731806e-03
2.5326572358608246e-03
2.5320162530988455e-03
2.5304562877863646e-03
2.5284248404204845e-03
2.5267757009714842e-03
2.5258178357034922e-03
2.5251051411032677e-03
2.5240359827876091e-03
2.5224857963621616e-03
2.5208338629454374e-03
2.5194906629621983e-03
2.5184806436300278e-03
2.5175022892653942e-03
2.5162885431200266e-03
2.5148510467261076e-03
2.5134133175015450e-03
2.5121509097516537e-03
2.5110368151217699e-03
2.5099148042500019e-03
2.5086717214435339e-03
2.5073310825973749e-03
2.5059978943318129e-03
2.5047431699931622e-03
2.5035501457750797e-03
2.5023503694683313e-03
2.5010998360812664e-03
2.4998108856379986e-03
2.4985270574688911e-03
2.4972734972834587e-03
2.4960399605333805e-03
2.4947985075414181e-03
2.4935337714850903e-03
2.4922559969127178e-03
2.4909852072596550e-03
2.4897318799048662e-03
2.4884869344532490e-03
2.4872333742678165e-03
2.4859621189534664e-03
2.4846796877682209e-03
2.4833986535668373e-03
2.4821297265589237e-03
2.4808705784380436e-03
2.4796125944703817e-03
2.4783457629382610e-03
2.4770689196884632e-03
2.4757860228419304e-03
2.4745042901486158e-03
2.4732276797294617e-03
2.4719533976167440e-03
2.4706777185201645e-03
2.4693976156413555e-03
2.4681135546416044e-03
2.4668283294886351e-03
2.4655440356582403e-03
2.4642618373036385e-03
2.4629798717796803e-03
2.4616965092718601e-03
2.4604096543043852e-03
2.4591202381998301e-03
2.4578301236033440e-03
2.4565397761762142e-03
2.4552498944103718e-03
2.4539600126445293e-03
2.4526689667254686e-03
2.4513765238225460e-03
2.4500831495970488e-03
2.4487890768796206e-03
2.4474957026541233e-03
2.4462027940899134e-03
2.4449122138321400e-03
2.4436234962195158e-03
2.4423382710665464e-03
2.4410593323409557e-03
2.4397911038249731e-03
2.4385410360991955e-03
2.4373230990022421e-03
2.4361561518162489e-03
2.4350800085812807e-03
2.4341435637325048e-03
2.4334546178579330e-03
2.4330969899892807e-03
2.4332755710929632e-03
2.4338359944522381e-03
2.4346951395273209e-03
2.4344180710613728e-03
2.4323882535099983e-03
2.4279167409986258e-03
2.4232252035290003e-03
2.4204712826758623e-03
2.4202005006372929e-03
2.4209211114794016e-03
2.4205248337239027e-03
2.4183492641896009e-03
2.4152705445885658e-03
2.4130404926836491e-03
2.4122321046888828e-03
2.4119510781019926e-03
2.4110379163175821e-03
2.4091238155961037e-03
2.4070083163678646e-03
2.4055035319179296e-03
2.4046555627137423e-03
2.4038436822593212e-03
2.4025128223001957e-03
2.4007847532629967e-03
2.3991535417735577e-03
2.3979521356523037e-03
2.3970147594809532e-03
2.3959365207701921e-03
2.3945362772792578e-03
2.3929711896926165e-03
2.3915541823953390e-03
2.3903984110802412e-03
2.3893509060144424e-03
2.3881907109171152e-03
2.3868363350629807e-03
2.3854081518948078e-03
2.3840691428631544e-03
2.3828768171370029e-03
2.3817494511604309e-03
2.3805659729987383e-03
2.3792802821844816e-03
2.3779426701366901e-03
2.3766397498548031e-03
2.3754134308546782e-03
2.3742346093058586e-03
2.3730434477329254e-03
2.3718024604022503e-03
2.3705244529992342e-03
2.3692483082413673e-03
2.3680061567574739e-03
2.3667977657169104e-03
2.3655991535633802e-03
2.3643844760954380e-03
2.3631458170711994e-03
2.3618964478373528e-03
2.3606545291841030e-03
2.3594310041517019e-03
2.3582226131111383e-03
2.3570170160382986e-03
2.3558042012155056e-03
2.3545818403363228e-03
2.3533555213361979e-03
2.3521329276263714e-03
2.3509194143116474e-03
2.3497133515775204e-03
2.3485105484724045e-03
2.3473056498914957e-03
2.3460979573428631e-03
2.3448888678103685e-03
2.3436814080923796e-03
2.3424783721566200e-03
2.3412802256643772e-03
2.3400855716317892e-03
2.3388920817524195e-03
2.3376988247036934e-03
2.3365048691630363e-03
2.3353120777755976e-03
2.3341209162026644e-03
2.3329330142587423e-03
2.3317481391131878e-03
2.3305662907660007e-03
2.3293863050639629e-03
2.3282074835151434e-03
2.3270298261195421e-03
2.3258537985384464e-03
2.3246796336025000e-03
2.3235080298036337e-03
2.3223385214805603e-03
2.3211720399558544e-03
2.3200083523988724e-03
2.3188469931483269e-03
2.3176881950348616e-03
2.3165321908891201e-03
2.3153803776949644e-03
2.3142327554523945e-03
2.3130925837904215e-03
2.3119628895074129e-03
2.3108485620468855e-03
2.3097600787878036e-03
2.3087132722139359e-03
2.3077388759702444e-03
2.3068869486451149e-03
2.3062499240040779e-03
2.3059702944010496e-03
2.3062904365360737e-03
2.3074611090123653e-03
2.3097188677638769e-03
2.3125295992940664e-03
2.3144043516367674e-03
2.3125370498746634e-03
2.3061407264322042e-03
2.2985984105616808e-03
2.2947266697883606e-03
2.2956449538469315e-03
2.2978866472840309e-03
2.2975406609475613e-03
2.2939757909625769e-03
2.2902286145836115e-03
2.2889866959303617e-03
2.2894809953868389e-03
2.2891957778483629e-03
2.2870341781526804e-03
2.2845698986202478e-03
2.2834655828773975e-03
2.2833461407572031e-03
2.2826718632131815e-03
2.2808276116847992e-03
2.2789111826568842e-03
2.2779661230742931e-03
2.2776534315198660e-03
2.2768867202103138e-03
2.2752829827368259e-03
2.2736284881830215e-03
2.2726559545844793e-03
2.2721616551280022e-03
2.2714005317538977e-03
2.2700603585690260e-03
2.2686077281832695e-03
2.2675623185932636e-03
2.2668810561299324e-03
2.2661096882075071e-03
2.2649834863841534e-03
2.2637122310698032e-03
2.2626321297138929e-03
2.2618027869611979e-03
2.2609927691519260e-03
2.2599983494728804e-03
2.2588726133108139e-03
2.2578043863177299e-03
2.2568863350898027e-03
2.2560299839824438e-03
2.2551005240529776e-03
2.2540756035596132e-03
2.2530432324856520e-03
2.2520858328789473e-03
2.2511919960379601e-03
2.2502886131405830e-03
2.2493302822113037e-03
2.2483402863144875e-03
2.2473728749901056e-03
2.2464527282863855e-03
2.2455533035099506e-03
2.2446368820965290e-03
2.2436908911913633e-03
2.2427369840443134e-03
2.2418026346713305e-03
2.2408938966691494e-03
2.2399942390620708e-03
2.2390845697373152e-03
2.2381604649126530e-03
2.2372337989509106e-03
2.2363178431987762e-03
2.2354167886078358e-03
2.2345222532749176e-03
2.2336253896355629e-03
2.2327220067381859e-03
2.2318169940263033e-03
2.2309168707579374e-03
2.2300248965620995e-03
2.2291385103017092e-03
2.2282537538558245e-03
2.2273678332567215e-03
2.2264812141656876e-03
2.2255966905504465e-03
2.2247163578867912e-03
2.2238406818360090e-03
2.2229673340916634e-03
2.2220956161618233e-03
2.2212245967239141e-03
2.2203549742698669e-03
2.2194883786141872e-03
2.2186248097568750e-03
2.2177640348672867e-03
2.2169053554534912e-03
2.2160483058542013e-03
2.2151926532387733e-03
2.2143390960991383e-03
2.2134881000965834e-03
2.2126396652311087e-03
2.2117940243333578e-03
2.2109504789113998e-03
2.2101087961345911e-03
2.2092687431722879e-03
2.2084307856857777e-03
2.2075949236750603e-03
2.2067611571401358e-03
2.2059301845729351e-03
2.2051013074815273e-03
2.2042745258659124e-03
2.2034498397260904e-03
2.2026274818927050e-03
2.2018065210431814e-03
2.2009878885000944e-03
2.2001713514328003e-03
2.1993571426719427e-03
2.1985450293868780e-03
2.1977350115776062e-03
2.1969270892441273e-03
2.1961212623864412e-03
2.1953175310045481e-03
2.1945158950984478e-03
2.1937158890068531e-03
2.1929182112216949e-03
2.1921226289123297e-03
2.1913293749094009e-03
2.1905379835516214e-03
2.1897484548389912e-03
2.1889607887715101e-03
2.1881759166717529e-03
2.1873924415558577e-03
2.1866110619157553e-03
2.1858317777514458e-03
2.1850543562322855e-03
2.1842790301889181e-03
2.1835057996213436e-03
2.1827341988682747e-03
2.1819649264216423e-03
2.1811977494508028e-03
2.1804324351251125e-03
2.1796687506139278e-03
2.1789073944091797e-03
2.1781479008495808e-03
2.1773907355964184e-03
2.1766354329884052e-03
2.1758824586868286e-03
2.1751322783529758e-03
2.1743848919868469e-03
2.1736412309110165e-03
2.1729024592787027e-03
2.1721709053963423e-03
2.1714498288929462e-03
2.1707464475184679e-03
2.1700719371438026e-03
2.1694477181881666e-03
2.1689108107239008e-03
2.1685287356376648e-03
2.1684146486222744e-03
2.1687669213861227e-03
2.1698672790080309e-03
2.1720908116549253e-03
2.1755369380116463e-03
2.1795718930661678e-03
2.1816785447299480e-03
2.1787665318697691e-03
2.1707701962441206e-03
2.1629233378916979e-03
2.1608509123325348e-03
2.1639901679009199e-03
2.1668998524546623e-03
2.1651030983775854e-03
2.1600546315312386e-03
2.1569035016000271e-03
2.1578466985374689e-03
2.1598546300083399e-03
2.1590015385299921e-03
2.1556401625275612e-03
2.1532294340431690e-03
2.1535616833716631e-03
2.1546641364693642e-03
2.1539153531193733e-03
2.1515844855457544e-03
2.1499164868146181e-03
2.1499334834516048e-03
2.1502841264009476e-03
2.1494552493095398e-03
2.1478035487234592e-03
2.1466985344886780e-03
2.1465464960783720e-03
2.1464268211275339e-03
2.1455558016896248e-03
2.1442987490445375e-03
2.1434675436466932e-03
2.1431802306324244e-03
2.1428351756185293e-03
2.1420228295028210e-03
2.1410118788480759e-03
2.1402772981673479e-03
2.1398591343313456e-03
2.1393995266407728e-03
2.1386679727584124e-03
2.1378218661993742e-03
2.1371317561715841e-03
2.1366248838603497e-03
2.1361024118959904e-03
2.1354255732148886e-03
2.1346744615584612e-03
2.1340057719498873e-03
2.1334511693567038e-03
2.1329023875296116e-03
2.1322674583643675e-03
2.1315743215382099e-03
2.1309142466634512e-03
2.1303256507962942e-03
2.1297598723322153e-03
2.1291547454893589e-03
2.1285063121467829e-03
2.1278604399412870e-03
2.1272529847919941e-03
2.1266716066747904e-03
2.1260795183479786e-03
2.1254606544971466e-03
2.1248317789286375e-03
2.1242182701826096e-03
2.1236266475170851e-03
2.1230394486337900e-03
2.1224401425570250e-03
2.1218287292867899e-03
2.1212180145084858e-03
2.1206194069236517e-03
2.1200305782258511e-03
2.1194417495280504e-03
2.1188459359109402e-03
2.1182452328503132e-03
2.1176470909267664e-03
2.1170557010918856e-03
2.1164694335311651e-03
2.1158829331398010e-03
2.1152929402887821e-03
2.1147010847926140e-03
2.1141110919415951e-03
2.1135252900421619e-03
2.1129425149410963e-03
2.1123606711626053e-03
2.1117767319083214e-03
2.1111927926540375e-03
2.1106093190610409e-03
2.1100279409438372e-03
2.1094495896250010e-03
2.1088717039674520e-03
2.1082942839711905e-03
2.1077163983136415e-03
2.1071392111480236e-03
2.1065631881356239e-03
2.1059887949377298e-03
2.1054155658930540e-03
2.1048435010015965e-03
2.1042712032794952e-03
2.1036996040493250e-03
2.1031287033110857e-03
2.1025587338954210e-03
2.1019899286329746e-03
2.1014222875237465e-03
2.1008555777370930e-03
2.1002891007810831e-03
2.0997233223170042e-03
2.0991580095142126e-03
2.0985940936952829e-03
2.0980306435376406e-03
2.0974683575332165e-03
2.0969065371900797e-03
2.0963456481695175e-03
2.0957854576408863e-03
2.0952259656041861e-03
2.0946669392287731e-03
2.0941088441759348e-03
2.0935514476150274e-03
2.0929949823766947e-03
2.0924392156302929e-03
2.0918839145451784e-03
2.0913295447826385e-03
2.0907758735120296e-03
2.0902226679027081e-03
2.0896706264466047e-03
2.0891183521598577e-03
2.0885677076876163e-03
2.0880172960460186e-03
2.0874678157269955e-03
2.0869188010692596e-03
2.0863704849034548e-03
2.0858228672295809e-03
2.0852757152169943e-03
2.0847294945269823e-03
2.0841839723289013e-03
2.0836389157921076e-03
2.0830945577472448e-03
2.0825506653636694e-03
2.0820074714720249e-03
2.0814652089029551e-03
2.0809231791645288e-03
2.0803820807486773e-03
2.0798412151634693e-03
2.0793012809008360e-03
2.0787622779607773e-03
2.0782232750207186e-03
2.0776854362338781e-03
2.0771480631083250e-03
2.0766113884747028e-03
2.0760758779942989e-03
2.0755408331751823e-03
2.0750074181705713e-03
2.0744756329804659e-03
2.0739454776048660e-03
2.0734190475195646e-03
2.0728972740471363e-03
2.0723827183246613e-03
2.0718802697956562e-03
2.0713971462100744e-03
2.0709454547613859e-03
2.0705454517155886e-03
2.0702271722257137e-03
2.0700430031865835e-03
2.0700532477349043e-03
2.0703484769910574e-03
2.0709449891000986e-03
2.0717997103929520e-03
2.0724695641547441e-03
2.0724101923406124e-03
2.0709359087049961e-03
2.0683582406491041e-03
2.0657517015933990e-03
2.0643693860620260e-03
2.0644813776016235e-03
2.0652657840400934e-03
2.0656110718846321e-03
2.0647675264626741e-03
2.0631356164813042e-03
2.0616112742573023e-03
2.0609516650438309e-03
2.0610161591321230e-03
2.0610846113413572e-03
2.0605658646672964e-03
2.0594645757228136e-03
2.0583281293511391e-03
2.0576480310410261e-03
2.0574252121150494e-03
2.0572671201080084e-03
2.0567975006997585e-03
2.0560058765113354e-03
2.0551718771457672e-03
2.0545769948512316e-03
2.0542345009744167e-03
2.0539355464279652e-03
2.0534789655357599e-03
2.0528419408947229e-03
2.0521727856248617e-03
2.0516214426606894e-03
2.0512074697762728e-03
2.0508281886577606e-03
2.0503730047494173e-03
2.0498200319707394e-03
2.0492358598858118e-03
2.0487040746957064e-03
2.0482474938035011e-03
2.0478216465562582e-03
2.0473671611398458e-03
2.0468600559979677e-03
2.0463266409933567e-03
2.0458099897950888e-03
2.0453329198062420e-03
2.0448828581720591e-03
2.0444300025701523e-03
2.0439552608877420e-03
2.0434644538909197e-03
2.0429808646440506e-03
2.0425268448889256e-03
2.0421128720045090e-03
2.0417415071278811e-03
2.0414215978235006e-03
2.0411915611475706e-03
2.0411165896803141e-03
2.0413200836628675e-03
2.0419408101588488e-03
2.0431943703442812e-03
2.0451613236218691e-03
2.0478011574596167e-03
2.0501415710896254e-03
2.0507844164967537e-03
2.0478831138461828e-03
2.0422136876732111e-03
2.0368702244013548e-03
2.0349789410829544e-03
2.0366003736853600e-03
2.0390492863953114e-03
2.0394865423440933e-03
2.0371286664158106e-03
2.0339058246463537e-03
2.0322778727859259e-03
2.0327712409198284e-03
2.0338485483080149e-03
2.0337372552603483e-03
2.0321956835687160e-03
2.0304271019995213e-03
2.0296252332627773e-03
2.0297868177294731e-03
2.0299665629863739e-03
2.0294436253607273e-03
2.0283560734242201e-03
2.0273861009627581e-03
2.0269432570785284e-03
2.0268158987164497e-03
2.0265474449843168e-03
2.0259364973753691e-03
2.0251821260899305e-03
2.0245763007551432e-03
2.0241893362253904e-03
2.0238647703081369e-03
2.0234289113432169e-03
2.0228726789355278e-03
2.0223073661327362e-03
2.0218230783939362e-03
2.0214081741869450e-03
2.0209879148751497e-03
2.0205201581120491e-03
2.0200219005346298e-03
2.0195371471345425e-03
2.0190842915326357e-03
2.0186449401080608e-03
2.0181951113045216e-03
2.0177294500172138e-03
2.0172623917460442e-03
2.0168069750070572e-03
2.0163611043244600e-03
2.0159138366580009e-03
2.0154586527496576e-03
2.0149992778897285e-03
2.0145450253039598e-03
2.0140989217907190e-03
2.0136553794145584e-03
2.0132083445787430e-03
2.0127552561461926e-03
2.0123010035604239e-03
2.0118509419262409e-03
2.0114067010581493e-03
2.0109647884964943e-03
2.0105200819671154e-03
2.0100714173167944e-03
2.0096206571906805e-03
2.0091722253710032e-03
2.0087277516722679e-03
2.0082860719412565e-03
2.0078436937183142e-03
2.0073987543582916e-03
2.0069517195224762e-03
2.0065046846866608e-03
2.0060597453266382e-03
2.0056175999343395e-03
2.0051759202033281e-03
2.0047340076416731e-03
2.0042902324348688e-03
2.0038455259054899e-03
2.0034012850373983e-03
2.0029579754918814e-03
2.0025162957608700e-03
2.0020750816911459e-03
2.0016338676214218e-03
2.0011919550597668e-03
2.0007491111755371e-03
2.0003065001219511e-03
1.9998643547296524e-03
1.9994233734905720e-03
1.9989828579127789e-03
1.9985421095043421e-03
1.9981011282652617e-03
1.9976603798568249e-03
1.9972191657871008e-03
1.9967779517173767e-03
1.9963376689702272e-03
1.9958976190537214e-03
1.9954575691372156e-03
1.9950177520513535e-03
1.9945781677961349e-03
1.9941381178796291e-03
1.9936980679631233e-03
1.9932584837079048e-03
1.9928191322833300e-03
1.9923795480281115e-03
1.9919408950954676e-03
1.9915017765015364e-03
1.9910631235688925e-03
1.9906242378056049e-03
1.9901855848729610e-03
1.9897466991096735e-03
1.9893080461770296e-03
1.9888696260750294e-03
1.9884312059730291e-03
1.9879932515323162e-03
1.9875552970916033e-03
1.9871173426508904e-03
1.9866796210408211e-03
1.9862416666001081e-03
1.9858041778206825e-03
1.9853664562106133e-03
1.9849292002618313e-03
1.9844917114824057e-03
1.9840544555336237e-03
1.9836174324154854e-03
1.9831804092973471e-03
1.9827433861792088e-03
1.9823063630610704e-03
1.9818698056042194e-03
1.9814332481473684e-03
1.9809964578598738e-03
1.9805599004030228e-03
1.9801233429461718e-03
1.9796870183199644e-03
1.9792509265244007e-03
1.9788148347288370e-03
1.9783787429332733e-03
1.9779428839683533e-03
1.9775070250034332e-03
1.9770711660385132e-03
1.9766353070735931e-03
1.9761996809393167e-03
1.9757640548050404e-03
1.9753288943320513e-03
1.9748932681977749e-03
1.9744578748941422e-03
1.9740227144211531e-03
1.9735875539481640e-03
1.9731523934751749e-03
1.9727174658328295e-03
1.9722827710211277e-03
1.9718480762094259e-03
1.9714131485670805e-03
1.9709789194166660e-03
1.9705446902662516e-03
1.9701109267771244e-03
1.9696773961186409e-03
1.9692447967827320e-03
1.9688131287693977e-03
1.9683833234012127e-03
1.9679560791701078e-03
1.9675334915518761e-03
1.9671185873448849e-03
1.9667164888232946e-03
1.9663362763822079e-03
1.9659933168441057e-03
1.9657150842249393e-03
1.9655453506857157e-03
1.9655695650726557e-03
1.9659020472317934e-03
1.9667721353471279e-03
1.9683651626110077e-03
1.9710385240614414e-03
1.9743060693144798e-03
1.9775452092289925e-03
1.9776027183979750e-03
1.9735775422304869e-03
1.9662370905280113e-03
1.9608298316597939e-03
1.9605008419603109e-03
1.9637425430119038e-03
1.9662771373987198e-03
1.9648487213999033e-03
1.9607997965067625e-03
1.9578321371227503e-03
1.9581313244998455e-03
1.9600468222051859e-03
1.9604624249041080e-03
1.9585462287068367e-03
1.9560949876904488e-03
1.9553245510905981e-03
1.9561357330530882e-03
1.9566740375012159e-03
1.9557834602892399e-03
1.9541054498404264e-03
1.9531380385160446e-03
1.9532709848135710e-03
1.9535643514245749e-03
1.9530981080606580e-03
1.9519823836162686e-03
1.9510859856382012e-03
1.9508562982082367e-03
1.9508990226313472e-03
1.9505954114720225e-03
1.9498339388519526e-03
1.9490589620545506e-03
1.9486418459564447e-03
1.9484864315018058e-03
1.9482278730720282e-03
1.9476858433336020e-03
1.9470346160233021e-03
1.9465343793854117e-03
1.9462328637018800e-03
1.9459547474980354e-03
1.9455353030934930e-03
1.9449953688308597e-03
1.9444799982011318e-03
1.9440827891230583e-03
1.9437553128227592e-03
1.9433870911598206e-03
1.9429330714046955e-03
1.9424451747909188e-03
1.9420002354308963e-03
1.9416179275140166e-03
1.9412508700042963e-03
1.9408474909141660e-03
1.9404019694775343e-03
1.9399515585973859e-03
1.9395310664549470e-03
1.9391403766348958e-03
1.9387510837987065e-03
1.9383393228054047e-03
1.9379078876227140e-03
1.9374765688553452e-03
1.9370617810636759e-03
1.9366617780178785e-03
1.9362618913874030e-03
1.9358508288860321e-03
1.9354289397597313e-03
1.9350065849721432e-03
1.9345923792570829e-03
1.9341863226145506e-03
1.9337816629558802e-03
1.9333722302690148e-03
1.9329565111547709e-03
1.9325388129800558e-03
1.9321247236803174e-03
1.9317148253321648e-03
1.9313071388751268e-03
1.9308982882648706e-03
1.9304862944409251e-03
1.9300720887258649e-03
1.9296583486720920e-03
1.9292467040941119e-03
1.9288369221612811e-03
1.9284276058897376e-03
1.9280172418802977e-03
1.9276054808869958e-03
1.9271931378170848e-03
1.9267810275778174e-03
1.9263698486611247e-03
1.9259592518210411e-03
1.9255492370575666e-03
1.9251388730481267e-03
1.9247278105467558e-03
1.9243162823840976e-03
1.9239048706367612e-03
1.9234938081353903e-03
1.9230830948799849e-03
1.9226724980399013e-03
1.9222623668611050e-03
1.9218515371903777e-03
1.9214407075196505e-03
1.9210298778489232e-03
1.9206186989322305e-03
1.9202081020921469e-03
1.9197973888367414e-03
1.9193870248273015e-03
1.9189765444025397e-03
1.9185660639777780e-03
1.9181555835530162e-03
1.9177449867129326e-03
1.9173340406268835e-03
1.9169237930327654e-03
1.9165134290233254e-03
1.9161029485985637e-03
1.9156928174197674e-03
1.9152828026562929e-03
1.9148729043081403e-03
1.9144632387906313e-03
1.9140536896884441e-03
1.9136448390781879e-03
1.9132365705445409e-03
1.9128298154100776e-03
1.9124250393360853e-03
1.9120229408144951e-03
1.9116256153210998e-03
1.9112355075776577e-03
1.9108572741970420e-03
1.9104975508525968e-03
1.9101677462458611e-03
1.9098861375823617e-03
1.9096798496320844e-03
1.9095947500318289e-03
1.9096871837973595e-03
1.9100485369563103e-03
1.9107369007542729e-03
1.9118081545457244e-03
1.9130328437313437e-03
1.9140384392812848e-03
1.9139330834150314e-03
1.9123515812680125e-03
1.9095210591331124e-03
1.9068362889811397e-03
1.9054391887038946e-03
1.9054274307563901e-03
1.9059309270232916e-03
1.9058352336287498e-03
1.9048283575102687e-03
1.9034014549106359e-03
1.9024719949811697e-03
1.9024054054170847e-03
1.9027503440156579e-03
1.9027747912332416e-03
1.9020159961655736e-03
1.9008156377822161e-03
1.8997839652001858e-03
1.8993330886587501e-03
1.8993149278685451e-03
1.8992739496752620e-03
1.8989050295203924e-03
1.8982476321980357e-03
1.8976081628352404e-03
1.8971895333379507e-03
1.8969457596540451e-03
1.8966683419421315e-03
1.8962082685902715e-03
1.8956108251586556e-03
1.8950433004647493e-03
1.8946311902254820e-03
1.8943543545901775e-03
1.8940899753943086e-03
1.8937344430014491e-03
1.8932810053229332e-03
1.8928059143945575e-03
1.8923836760222912e-03
1.8920256989076734e-03
1.8916840199381113e-03
1.8913034582510591e-03
1.8908730708062649e-03
1.8904242897406220e-03
1.8900008872151375e-03
1.8896198598667979e-03
1.8892638618126512e-03
1.8889014609158039e-03
1.8885147292166948e-03
1.8881100695580244e-03
1.8877064576372504e-03
1.8873197259381413e-03
1.8869484774768353e-03
1.8865808378905058e-03
1.8862033030018210e-03
1.8858124967664480e-03
1.8854156369343400e-03
1.8850221531465650e-03
1.8846376333385706e-03
1.8842604476958513e-03
1.8838837277144194e-03
1.8835028167814016e-03
1.8831171328201890e-03
1.8827301682904363e-03
1.8823463469743729e-03
1.8819690449163318e-03
1.8815968651324511e-03
1.8812286434695125e-03
1.8808627501130104e-03
1.8805008148774505e-03
1.8801462138071656e-03
1.8798050004988909e-03
1.8794828793033957e-03
1.8791879992932081e-03
1.8789278110489249e-03
1.8787189619615674e-03
1.8785730935633183e-03
1.8785253632813692e-03
1.8785898573696613e-03
1.8788196612149477e-03
1.8791947513818741e-03
1.8797473749145865e-03
1.8803083803504705e-03
1.8807864980772138e-03
1.8807544838637114e-03
1.8800781108438969e-03
1.8785190768539906e-03
1.8764667911455035e-03
1.8744192784652114e-03
1.8729765433818102e-03
1.8723836401477456e-03
1.8724956316873431e-03
1.8729112343862653e-03
1.8731739837676287e-03
1.8729971488937736e-03
1.8722887616604567e-03
1.8712551100179553e-03
1.8702012021094561e-03
1.8694107420742512e-03
1.8689900171011686e-03
1.8688562558963895e-03
1.8688171403482556e-03
1.8686758121475577e-03
1.8683276139199734e-03
1.8677717307582498e-03
1.8671111902222037e-03
1.8664746312424541e-03
1.8659583292901516e-03
1.8655875464901328e-03
1.8653202569112182e-03
1.8650800921022892e-03
1.8647951073944569e-03
1.8644293304532766e-03
1.8639850895851851e-03
1.8634981242939830e-03
1.8630140693858266e-03
1.8625684315338731e-03
1.8621759954839945e-03
1.8618280300870538e-03
1.8615021836012602e-03
1.8611729610711336e-03
1.8608225509524345e-03
1.8604433862492442e-03
1.8600401235744357e-03
1.8596237059682608e-03
1.8592083360999823e-03
1.8588036764413118e-03
1.8584150820970535e-03
1.8580412724986672e-03
1.8576777074486017e-03
1.8573182169348001e-03
1.8569565145298839e-03
1.8565891077741981e-03
1.8562150653451681e-03
1.8558343872427940e-03
1.8554495181888342e-03
1.8550627864897251e-03
1.8546764040365815e-03
1.8542921170592308e-03
1.8539105076342821e-03
1.8535316921770573e-03
1.8531552050262690e-03
1.8527806969359517e-03
1.8524072365835309e-03
1.8520345911383629e-03
1.8516619456931949e-03
1.8512894166633487e-03
1.8509164219722152e-03
1.8505427287891507e-03
1.8501689191907644e-03
1.8497941782698035e-03
1.8494192045181990e-03
1.8490439979359508e-03
1.8486684421077371e-03
1.8482931191101670e-03
1.8479176796972752e-03
1.8475427059456706e-03
1.8471678486093879e-03
1.8467932241037488e-03
1.8464197637513280e-03
1.8460464198142290e-03
1.8456740071997046e-03
1.8453027587383986e-03
1.8449326744303107e-03
1.8445648020133376e-03
1.8441992579028010e-03
1.8438373226672411e-03
1.8434803932905197e-03
1.8431305652484298e-03
1.8427908653393388e-03
1.8424654845148325e-03
1.8421617569401860e-03
1.8418879481032491e-03
1.8416603561490774e-03
1.8414946971461177e-03
1.8414264777675271e-03
1.8414787482470274e-03
1.8417190294712782e-03
1.8421506974846125e-03
1.8428596667945385e-03
1.8436912214383483e-03
1.8446268513798714e-03
1.8450822681188583e-03
1.8448805203661323e-03
1.8433819059282541e-03
1.8410248449072242e-03
1.8383518327027559e-03
1.8363811541348696e-03
1.8356096697971225e-03
1.8359024543315172e-03
1.8366475123912096e-03
1.8371061887592077e-03
1.8368632299825549e-03
1.8358269007876515e-03
1.8344589043408632e-03
1.8332793843001127e-03
1.8326577264815569e-03
1.8325765850022435e-03
1.8327279249206185e-03
1.8327496945858002e-03
1.8324016127735376e-03
1.8317191861569881e-03
1.8308941507712007e-03
1.8301863456144929e-03
1.8297348869964480e-03
1.8295152112841606e-03
1.8293843604624271e-03
1.8291792366653681e-03
1.8288167193531990e-03
1.8283054232597351e-03
1.8277402268722653e-03
1.8272210145369172e-03
1.8268079729750752e-03
1.8264948157593608e-03
1.8262283410876989e-03
1.8259452190250158e-03
1.8256016774103045e-03
1.8251946894451976e-03
1.8247494008392096e-03
1.8243057420477271e-03
1.8238939810544252e-03
1.8235244788229465e-03
1.8231874564662576e-03
1.8228618428111076e-03
1.8225269159302115e-03
1.8221692880615592e-03
1.8217890756204724e-03
1.8213938456028700e-03
1.8209968693554401e-03
1.8206081585958600e-03
1.8202334176748991e-03
1.8198717152699828e-03
1.8195181619375944e-03
1.8191663548350334e-03
1.8188103567808867e-03
1.8184477230533957e-03
1.8180774059146643e-03
1.8177018500864506e-03
1.8173241987824440e-03
1.8169477116316557e-03
1.8165737856179476e-03
1.8162039341405034e-03
1.8158378079533577e-03
1.8154745921492577e-03
1.8151138210669160e-03
1.8147543305531144e-03
1.8143970519304276e-03
1.8140426836907864e-03
1.8136951839551330e-03
1.8133582780137658e-03
1.8130411626771092e-03
1.8127535004168749e-03
1.8125143833458424e-03
1.8123438348993659e-03
1.8122809706255794e-03
1.8123524496331811e-03
1.8126141512766480e-03
1.8130394164472818e-03
1.8136135768145323e-03
1.8140510655939579e-03
1.8141155596822500e-03
1.8133135745301843e-03
1.8116869032382965e-03
1.8095501000061631e-03
1.8077000277116895e-03
1.8066882621496916e-03
1.8065477488562465e-03
1.8068352947011590e-03
1.8069099169224501e-03
1.8064078176394105e-03
1.8052631057798862e-03
1.8039081478491426e-03
1.8028020858764648e-03
1.8021904397755861e-03
1.8019458511844277e-03
1.8017244292423129e-03
1.8012243090197444e-03
1.8003446748480201e-03
1.7992489738389850e-03
1.7981849377974868e-03
1.7973420908674598e-03
1.7967410385608673e-03
1.7962715355679393e-03
1.7958024982362986e-03
1.7952661728486419e-03
1.7946964362636209e-03
1.7941704718396068e-03
1.7937537049874663e-03
1.7934471834450960e-03
1.7931908369064331e-03
1.7929081805050373e-03
1.7925382126122713e-03
1.7920827958732843e-03
1.7915725475177169e-03
1.7910726601257920e-03
1.7906209686771035e-03
1.7902369145303965e-03
1.7899051308631897e-03
1.7896057106554508e-03
1.7893210751935840e-03
1.7890540184453130e-03
1.7888135043904185e-03
1.7886208370327950e-03
1.7884586704894900e-03
1.7883265390992165e-03
1.7881402745842934e-03
1.7878887010738254e-03
1.7874594777822495e-03
1.7868867143988609e-03
1.7861248925328255e-03
1.7852718010544777e-03
1.7843754030764103e-03
1.7835320904850960e-03
1.7827944830060005e-03
1.7821918008849025e-03
1.7817204352468252e-03
1.7813559388741851e-03
1.7810650169849396e-03
1.7808094853535295e-03
1.7805574461817741e-03
1.7802778165787458e-03
1.7799531342461705e-03
1.7795707099139690e-03
1.7791352001950145e-03
1.7786553362384439e-03
1.7781513743102551e-03
1.7776415916159749e-03
1.7771439161151648e-03
1.7766687087714672e-03
1.7762206261977553e-03
1.7757989699020982e-03
1.7753988504409790e-03
1.7750149127095938e-03
1.7746421508491039e-03
1.7742761410772800e-03
1.7739142058417201e-03
1.7735542496666312e-03
1.7731945263221860e-03
1.7728339880704880e-03
1.7724713543429971e-03
1.7721072072163224e-03
1.7717399168759584e-03
1.7713714623823762e-03
1.7710016109049320e-03
1.7706324579194188e-03
1.7702636541798711e-03
1.7698985757306218e-03
1.7695362912490964e-03
1.7691797111183405e-03
1.7688279040157795e-03
1.7684840131551027e-03
1.7681476892903447e-03
1.7678235890343785e-03
1.7675103154033422e-03
1.7672146204859018e-03
1.7669341759756207e-03
1.7666775966063142e-03
1.7664384795352817e-03
1.7662271857261658e-03
1.7660289304330945e-03
1.7658527940511703e-03
1.7656673444435000e-03
1.7654786352068186e-03
1.7652339302003384e-03
1.7649354413151741e-03
1.7645227489992976e-03
1.7640100559219718e-03
1.7633661627769470e-03
1.7626368207857013e-03
1.7618447309359908e-03
1.7610547365620732e-03
1.7603109590709209e-03
1.7596521647647023e-03
1.7590944189578295e-03
1.7586330650374293e-03
1.7582495929673314e-03
1.7579193226993084e-03
1.7576171085238457e-03
1.7573196673765779e-03
1.7570122145116329e-03
1.7566814785823226e-03
1.7563250148668885e-03
1.7559378175064921e-03
1.7555254744365811e-03
1.7550886841490865e-03
1.7546361777931452e-03
1.7541723791509867e-03
1.7537040403112769e-03
1.7532362835481763e-03
1.7527731833979487e-03
1.7523173009976745e-03
1.7518701497465372e-03
1.7514321953058243e-03
1.7510028555989265e-03
1.7505814321339130e-03
1.7501664115116000e-03
1.7497570952400565e-03
1.7493520863354206e-03
1.7489503370597959e-03
1.7485519638285041e-03
1.7481558024883270e-03
1.7477616202086210e-03
1.7473698826506734e-03
1.7469797749072313e-03
1.7465921118855476e-03
1.7462065443396568e-03
1.7458244692534208e-03
1.7454461194574833e-03
1.7450727755203843e-03
1.7447053687646985e-03
1.7443471588194370e-03
1.7440004739910364e-03
1.7436706693843007e-03
1.7433632165193558e-03
1.7430894076824188e-03
1.7428594874218106e-03
1.7426961567252874e-03
1.7426155973225832e-03
1.7426612321287394e-03
1.7428466817364097e-03
1.7432331806048751e-03
1.7437788192182779e-03
1.7445065313950181e-03
1.7451673047617078e-03
1.7456252826377749e-03
1.7453728942200541e-03
1.7443167744204402e-03
1.7423841636627913e-03
1.7401470104232430e-03
1.7382696969434619e-03
1.7372797010466456e-03
1.7372564179822803e-03
1.7378267366439104e-03
1.7384790116921067e-03
1.7386019462719560e-03
1.7380707431584597e-03
1.7368404660373926e-03
1.7354427836835384e-03
1.7342803766950965e-03
1.7336516175419092e-03
1.7334959702566266e-03
1.7335326410830021e-03
1.7334457952529192e-03
1.7330378759652376e-03
1.7323479987680912e-03
1.7315453151240945e-03
1.7308626556769013e-03
1.7304235370829701e-03
1.7302104970440269e-03
1.7300954787060618e-03
1.7299264436587691e-03
1.7296081641688943e-03
1.7291319090873003e-03
1.7285699723288417e-03
1.7280189786106348e-03
1.7275506397709250e-03
1.7271831165999174e-03
1.7268840456381440e-03
1.7265982460230589e-03
1.7262756591662765e-03
1.7258987063542008e-03
1.7254753038287163e-03
1.7250365344807506e-03
1.7246133647859097e-03
1.7242264002561569e-03
1.7238773871213198e-03
1.7235525883734226e-03
1.7232332611456513e-03
1.7229020595550537e-03
1.7225506016984582e-03
1.7221786547452211e-03
1.7217952990904450e-03
1.7214100807905197e-03
1.7210323130711913e-03
1.7206664197146893e-03
1.7203125171363354e-03
1.7199667636305094e-03
1.7196245025843382e-03
1.7192810773849487e-03
1.7189340433105826e-03
1.7185821197926998e-03
1.7182272858917713e-03
1.7178721027448773e-03
1.7175199463963509e-03
1.7171732615679502e-03
1.7168354243040085e-03
1.7165078315883875e-03
1.7161924624815583e-03
1.7158907139673829e-03
1.7156059620901942e-03
1.7153392545878887e-03
1.7150974599644542e-03
1.7148801125586033e-03
1.7146973405033350e-03
1.7145416932180524e-03
1.7144219018518925e-03
1.7143122386187315e-03
1.7142130527645350e-03
1.7140682321041822e-03
1.7138683469966054e-03
1.7135458765551448e-03
1.7131116474047303e-03
1.7125452868640423e-03
1.7119101248681545e-03
1.7112480709329247e-03
1.7106275772675872e-03
1.7100786790251732e-03
1.7096027731895447e-03
1.7091822810471058e-03
1.7087715677917004e-03
1.7083506099879742e-03
1.7078877426683903e-03
1.7073936760425568e-03
1.7068730667233467e-03
1.7063550185412169e-03
1.7058579251170158e-03
1.7053983174264431e-03
1.7049805028364062e-03
1.7045995919033885e-03
1.7042442923411727e-03
1.7039007507264614e-03
1.7035590717568994e-03
1.7032080795615911e-03
1.7028484726324677e-03
1.7024753615260124e-03
1.7020964296534657e-03
1.7017108621075749e-03
1.7013286706060171e-03
1.7009493894875050e-03
1.7005812842398882e-03
1.7002233071252704e-03
1.6998808132484555e-03
1.6995520563796163e-03
1.6992401797324419e-03
1.6989441355690360e-03
1.6986653208732605e-03
1.6984026879072189e-03
1.6981557710096240e-03
1.6979225911200047e-03
1.6976989572867751e-03
1.6974792815744877e-03
1.6972546000033617e-03
1.6970125725492835e-03
1.6967394622042775e-03
1.6964168753474951e-03
1.6960337525233626e-03
1.6955740284174681e-03
1.6950422432273626e-03
1.6944393282756209e-03
1.6937931068241596e-03
1.6931244172155857e-03
1.6924703959375620e-03
1.6918546753004193e-03
1.6912989085540175e-03
1.6908103134483099e-03
1.6903878422454000e-03
1.6900211339816451e-03
1.6896970337256789e-03
1.6894007567316294e-03
1.6891193808987737e-03
1.6888425452634692e-03
1.6885624499991536e-03
1.6882751369848847e-03
1.6879762988537550e-03
1.6876664012670517e-03
1.6873446293175220e-03
1.6870123799890280e-03
1.6866701189428568e-03
1.6863202909007668e-03
1.6859633615240455e-03
1.6856018919497728e-03
1.6852363478392363e-03
1.6848698724061251e-03
1.6845018835738301e-03
1.6841351753100753e-03
1.6837697476148605e-03
1.6834069974720478e-03
1.6830475069582462e-03
1.6826923238113523e-03
1.6823415644466877e-03
1.6819959273561835e-03
1.6816557617858052e-03
1.6813219990581274e-03
1.6809952212497592e-03
1.6806764760985970e-03
1.6803670441731811e-03
1.6800687881186604e-03
1.6797829885035753e-03
1.6795123228803277e-03
1.6792585374787450e-03
1.6790250083431602e-03
1.6788134817034006e-03
1.6786268679425120e-03
1.6784656327217817e-03
1.6783297760412097e-03
1.6782141756266356e-03
1.6781113808974624e-03
1.6780046280473471e-03
1.6778734279796481e-03
1.6776885604485869e-03
1.6774201067164540e-03
1.6770384972915053e-03
1.6765283653512597e-03
1.6758916899561882e-03
1.6751552466303110e-03
1.6743666492402554e-03
1.6735832905396819e-03
1.6728612827137113e-03
1.6722381114959717e-03
1.6717306571081281e-03
1.6713333316147327e-03
1.6710264608263969e-03
1.6707812901586294e-03
1.6705692978575826e-03
1.6703644068911672e-03
1.6701477579772472e-03
1.6699042171239853e-03
1.6696291277185082e-03
1.6693171346560121e-03
1.6689735930413008e-03
1.6685997834429145e-03
1.6682069981470704e-03
1.6677995445206761e-03
1.6673899954184890e-03
1.6669828910380602e-03
1.6665877774357796e-03
1.6662072157487273e-03
1.6658472595736384e-03
1.6655082581564784e-03
1.6651947516947985e-03
1.6649061581119895e-03
1.6646482981741428e-03
1.6644202405586839e-03
1.6642323462292552e-03
1.6640803078189492e-03
1.6639779787510633e-03
1.6639070818200707e-03
1.6638798406347632e-03
1.6638375818729401e-03
1.6637813532724977e-03
1.6636010259389877e-03
1.6633060295134783e-03
1.6627978766337037e-03
1.6621676040813327e-03
1.6614311607554555e-03
1.6607508296146989e-03
1.6601941315457225e-03
1.6598411602899432e-03
1.6596689820289612e-03
1.6596267232671380e-03
1.6596256755292416e-03
1.6595775960013270e-03
1.6594225307926536e-03
1.6591226449236274e-03
1.6586980782449245e-03
1.6581864329054952e-03
1.6576475463807583e-03
1.6571341548115015e-03
1.6566580161452293e-03
1.6562282107770443e-03
1.6557995695620775e-03
1.6553654568269849e-03
1.6548862913623452e-03
1.6543824458494782e-03
1.6538595082238317e-03
1.6533550806343555e-03
1.6528929118067026e-03
1.6524915117770433e-03
1.6521509969606996e-03
1.6518593765795231e-03
1.6515961615368724e-03
1.6513403970748186e-03
1.6510767163708806e-03
1.6507949912920594e-03
1.6504980158060789e-03
1.6501871868968010e-03
1.6498749610036612e-03
1.6495651798322797e-03
1.6492672730237246e-03
1.6489804256707430e-03
1.6487070824950933e-03
1.6484420048072934e-03
1.6481848433613777e-03
1.6479315236210823e-03
1.6476833261549473e-03
1.6474390868097544e-03
1.6472036950290203e-03
1.6469765687361360e-03
1.6467639943584800e-03
1.6465617809444666e-03
1.6463766805827618e-03
1.6461947234347463e-03
1.6460214974358678e-03
1.6458287136629224e-03
1.6456225421279669e-03
1.6453622374683619e-03
1.6450580442324281e-03
1.6446709632873535e-03
1.6442231135442853e-03
1.6436972655355930e-03
1.6431306721642613e-03
1.6425335779786110e-03
1.6419452149420977e-03
1.6413853736594319e-03
1.6408747760578990e-03
1.6404215712100267e-03
1.6400241293013096e-03
1.6396755818277597e-03
1.6393634723499417e-03
1.6390759265050292e-03
1.6388024669140577e-03
1.6385348280891776e-03
1.6382670728489757e-03
1.6379969893023372e-03
1.6377209685742855e-03
1.6374411061406136e-03
1.6371556557714939e-03
1.6368672950193286e-03
1.6365749761462212e-03
1.6362813767045736e-03
1.6359864966943860e-03
1.6356916166841984e-03
1.6353972023352981e-03
1.6351038357242942e-03
1.6348125645890832e-03
1.6345235053449869e-03
1.6342372400686145e-03
1.6339541180059314e-03
1.6336751868948340e-03
1.6334000974893570e-03
1.6331307124346495e-03
1.6328658675774932e-03
1.6326068434864283e-03
1.6323530580848455e-03
1.6321040457114577e-03
1.6318596899509430e-03
1.6316177789121866e-03
1.6313769156113267e-03
1.6311322106048465e-03
1.6308812191709876e-03
1.6306170728057623e-03
1.6303366282954812e-03
1.6300304559990764e-03
1.6296983230859041e-03
1.6293313819915056e-03
1.6289339400827885e-03
1.6285029705613852e-03
1.6280489508062601e-03
1.6275756061077118e-03
1.6270966734737158e-03
1.6266186721622944e-03
1.6261538257822394e-03
1.6257072566077113e-03
1.6252843197435141e-03
1.6248858300969005e-03
1.6245109727606177e-03
1.6241575358435512e-03
1.6238215612247586e-03
1.6234993236139417e-03
1.6231879126280546e-03
1.6228838358074427e-03
1.6225851140916348e-03
1.6222900012508035e-03
1.6219981480389833e-03
1.6217092052102089e-03
1.6214229399338365e-03
1.6211409820243716e-03
1.6208636807277799e-03
1.6205935971811414e-03
1.6203324776142836e-03
1.6200841637328267e-03
1.6198513330891728e-03
1.6196405049413443e-03
1.6194561030715704e-03
1.6193081391975284e-03
1.6192022012546659e-03
1.6191519098356366e-03
1.6191591275855899e-03
1.6192386392503977e-03
1.6193757764995098e-03
1.6195690259337425e-03
1.6197611112147570e-03
1.6199117526412010e-03
1.6199070960283279e-03
1.6196804353967309e-03
1.6191437607631087e-03
1.6183132538571954e-03
1.6172741306945682e-03
1.6161854146048427e-03
1.6152372118085623e-03
1.6145496629178524e-03
1.6141766682267189e-03
1.6140548978000879e-03
1.6140922671183944e-03
1.6141160158440471e-03
1.6140453517436981e-03
1.6137299826368690e-03
1.6132091404870152e-03
1.6124706016853452e-03
1.6116632614284754e-03
1.6108836280182004e-03
1.6102467197924852e-03
1.6097954940050840e-03
1.6095191240310669e-03
1.6093628946691751e-03
1.6092524165287614e-03
1.6091217985376716e-03
1.6089158598333597e-03
1.6086233081296086e-03
1.6082393703982234e-03
1.6078018816187978e-03
1.6073395963758230e-03
1.6068936092779040e-03
1.6064861556515098e-03
1.6061288770288229e-03
1.6058185137808323e-03
1.6055423766374588e-03
1.6052837017923594e-03
1.6050251433625817e-03
1.6047556418925524e-03
1.6044669318944216e-03
1.6041584312915802e-03
1.6038315370678902e-03
1.6034928848966956e-03
1.6031478298828006e-03
1.6028035897761583e-03
1.6024638898670673e-03
1.6021323390305042e-03
1.6018097521737218e-03
1.6014955472201109e-03
1.6011883271858096e-03
1.6008865786716342e-03
1.6005880897864699e-03
1.6002908814698458e-03
1.5999942552298307e-03
1.5996965812519193e-03
1.5993978595361114e-03
1.5990976244211197e-03
1.5987965743988752e-03
1.5984945930540562e-03
1.5981927281245589e-03
1.5978910960257053e-03
1.5975909773260355e-03
1.5972929541021585e-03
1.5969981905072927e-03
1.5967085491865873e-03
1.5964254271239042e-03
1.5961512690410018e-03
1.5958899166435003e-03
1.5956457937136292e-03
1.5954246046021581e-03
1.5952363610267639e-03
1.5950916567817330e-03
1.5950076049193740e-03
1.5950023662298918e-03
1.5951041132211685e-03
1.5953320544213057e-03
1.5957187861204147e-03
1.5962528996169567e-03
1.5969232190400362e-03
1.5975930728018284e-03
1.5981213655322790e-03
1.5981922624632716e-03
1.5976321883499622e-03
1.5963038895279169e-03
1.5944521874189377e-03
1.5924945473670959e-03
1.5909153735265136e-03
1.5900116413831711e-03
1.5897657722234726e-03
1.5899330610409379e-03
1.5901545993983746e-03
1.5901519218459725e-03
1.5897863777354360e-03
1.5891441144049168e-03
1.5884126769378781e-03
1.5877919504418969e-03
1.5873820520937443e-03
1.5871428186073899e-03
1.5869658673182130e-03
1.5867142938077450e-03
1.5863309381529689e-03
1.5858286060392857e-03
1.5853027580305934e-03
1.5848515322431922e-03
1.5845305752009153e-03
1.5843260334804654e-03
1.5841688727959991e-03
1.5839823754504323e-03
1.5837071696296334e-03
1.5833399957045913e-03
1.5829106559976935e-03
1.5824785223230720e-03
1.5820889966562390e-03
1.5817619860172272e-03
1.5814858488738537e-03
1.5812307829037309e-03
1.5809657052159309e-03
1.5806723386049271e-03
1.5803513815626502e-03
1.5800156397745013e-03
1.5796836232766509e-03
1.5793681377544999e-03
1.5790736069902778e-03
1.5787939773872495e-03
1.5785176074132323e-03
1.5782349510118365e-03
1.5779393725097179e-03
1.5776316868141294e-03
1.5773159684613347e-03
1.5769992023706436e-03
1.5766875585541129e-03
1.5763833653181791e-03
1.5760863898321986e-03
1.5757936052978039e-03
1.5755024505779147e-03
1.5752093167975545e-03
1.5749138547107577e-03
1.5746162971481681e-03
1.5743194380775094e-03
1.5740254893898964e-03
1.5737378271296620e-03
1.5734580811113119e-03
1.5731888124719262e-03
1.5729316510260105e-03
1.5726900892332196e-03
1.5724673867225647e-03
1.5722718089818954e-03
1.5721102245151997e-03
1.5719993971288204e-03
1.5719498042017221e-03
1.5719906659796834e-03
1.5721272211521864e-03
1.5724000986665487e-03
1.5727756544947624e-03
1.5732803149148822e-03
1.5737550565972924e-03
1.5741583192721009e-03
1.5741512179374695e-03
1.5736834611743689e-03
1.5725209377706051e-03
1.5709230210632086e-03
1.5691556036472321e-03
1.5676844632253051e-03
1.5667839907109737e-03
1.5665006358176470e-03
1.5666558174416423e-03
1.5669561689719558e-03
1.5671356813982129e-03
1.5669900458306074e-03
1.5665071550756693e-03
1.5657613985240459e-03
1.5649526612833142e-03
1.5642539365217090e-03
1.5637719770893455e-03
1.5635087620466948e-03
1.5633834991604090e-03
1.5632866416126490e-03
1.5631176065653563e-03
1.5628342516720295e-03
1.5624352963641286e-03
1.5619738260284066e-03
1.5615093288943172e-03
1.5610943082720041e-03
1.5607516979798675e-03
1.5604733489453793e-03
1.5602312050759792e-03
1.5599903417751193e-03
1.5597252640873194e-03
1.5594222350046039e-03
1.5590866096317768e-03
1.5587304951623082e-03
1.5583734493702650e-03
1.5580297913402319e-03
1.5577075537294149e-03
1.5574066201224923e-03
1.5571208205074072e-03
1.5568413073197007e-03
1.5565584180876613e-03
1.5562666812911630e-03
1.5559627208858728e-03
1.5556489815935493e-03
1.5553277917206287e-03
1.5550045063719153e-03
1.5546833164989948e-03
1.5543668996542692e-03
1.5540570020675659e-03
1.5537530416622758e-03
1.5534539707005024e-03
1.5531573444604874e-03
1.5528615331277251e-03
1.5525647904723883e-03
1.5522658359259367e-03
1.5519640874117613e-03
1.5516597777605057e-03
1.5513534890487790e-03
1.5510454541072249e-03
1.5507367206737399e-03
1.5504279872402549e-03
1.5501194866374135e-03
1.5498114516958594e-03
1.5495049301534891e-03
1.5491988742724061e-03
1.5488939825445414e-03
1.5485896728932858e-03
1.5482864109799266e-03
1.5479834983125329e-03
1.5476814005523920e-03
1.5473800012841821e-03
1.5470795333385468e-03
1.5467802295461297e-03
1.5464830212295055e-03
1.5461883740499616e-03
1.5458981506526470e-03
1.5456135151907802e-03
1.5453377272933722e-03
1.5450747450813651e-03
1.5448309713974595e-03
1.5446156030520797e-03
1.5444423770532012e-03
1.5443313168361783e-03
1.5443114098161459e-03
1.5444264281541109e-03
1.5447309706360102e-03
1.5453028026968241e-03
1.5462122391909361e-03
1.5475295949727297e-03
1.5491917729377747e-03
1.5510064549744129e-03
1.5523752663284540e-03
1.5525881899520755e-03
1.5508815413340926e-03
1.5474329702556133e-03
1.5433328226208687e-03
1.5402487479150295e-03
1.5391951892524958e-03
1.5399936819449067e-03
1.5415541129186749e-03
1.5425815945491195e-03
1.5422923024743795e-03
1.5407282626256347e-03
1.5387369785457850e-03
1.5373043715953827e-03
1.5369193861261010e-03
1.5373413916677237e-03
1.5378922689706087e-03
1.5379578107967973e-03
1.5373300993815064e-03
1.5362877165898681e-03
1.5353208873420954e-03
1.5347874723374844e-03
1.5347055159509182e-03
1.5348090091720223e-03
1.5347765292972326e-03
1.5344354324042797e-03
1.5338482335209846e-03
1.5332180773839355e-03
1.5327389119192958e-03
1.5324717387557030e-03
1.5323356492444873e-03
1.5321887331083417e-03
1.5319262165576220e-03
1.5315385535359383e-03
1.5310934977605939e-03
1.5306823188439012e-03
1.5303564723581076e-03
1.5301074599847198e-03
1.5298838261514902e-03
1.5296300407499075e-03
1.5293208416551352e-03
1.5289686853066087e-03
1.5286088455468416e-03
1.5282742679119110e-03
1.5279778745025396e-03
1.5277088386937976e-03
1.5274429460987449e-03
1.5271600568667054e-03
1.5268529532477260e-03
1.5265285037457943e-03
1.5262024244293571e-03
1.5258882194757462e-03
1.5255906619131565e-03
1.5253056772053242e-03
1.5250239521265030e-03
1.5247358242049813e-03
1.5244369860738516e-03
1.5241289511322975e-03
1.5238169580698013e-03
1.5235079918056726e-03
1.5232051955536008e-03
1.5229093842208385e-03
1.5226171817630529e-03
1.5223255613818765e-03
1.5220309142023325e-03
1.5217319596558809e-03
1.5214292798191309e-03
1.5211252029985189e-03
1.5208215918391943e-03
1.5205201925709844e-03
1.5202212380245328e-03
1.5199237968772650e-03
1.5196270542219281e-03
1.5193294966593385e-03
1.5190306585282087e-03
1.5187304234132171e-03
1.5184289077296853e-03
1.5181273920461535e-03
1.5178261091932654e-03
1.5175252920016646e-03
1.5172252897173166e-03
1.5169256366789341e-03
1.5166261000558734e-03
1.5163266798481345e-03
1.5160264447331429e-03
1.5157258603721857e-03
1.5154244611039758e-03
1.5151232946664095e-03
1.5148217789828777e-03
1.5145201468840241e-03
1.5142186312004924e-03
1.5139174647629261e-03
1.5136161819100380e-03
1.5133146662265062e-03
1.5130136162042618e-03
1.5127121005207300e-03
1.5124103520065546e-03
1.5121086034923792e-03
1.5118063893169165e-03
1.5115042915567756e-03
1.5112016117200255e-03
1.5108992811292410e-03
1.5105969505384564e-03
1.5102946199476719e-03
1.5099919401109219e-03
1.5096896095201373e-03
1.5093872789293528e-03
1.5090849483385682e-03
1.5087827341631055e-03
1.5084805199876428e-03
1.5081788878887892e-03
1.5078776050359011e-03
1.5075774863362312e-03
1.5072787646204233e-03
1.5069822547957301e-03
1.5066890046000481e-03
1.5064013423398137e-03
1.5061220619827509e-03
1.5058559365570545e-03
1.5056104166433215e-03
1.5053980750963092e-03
1.5052368398755789e-03
1.5051591908559203e-03
1.5052075032144785e-03
1.5054632676765323e-03
1.5060099540278316e-03
1.5070181107148528e-03
1.5085545601323247e-03
1.5107929939404130e-03
1.5132789267227054e-03
1.5155856963247061e-03
1.5159016475081444e-03
1.5136155998334289e-03
1.5085941413417459e-03
1.5034637181088328e-03
1.5007584588602185e-03
1.5012981602922082e-03
1.5036372933536768e-03
1.5053304377943277e-03
1.5048749046400189e-03
1.5023637097328901e-03
1.4997016405686736e-03
1.4985664747655392e-03
1.4991777716204524e-03
1.5003355219960213e-03
1.5005959430709481e-03
1.4995660167187452e-03
1.4979208353906870e-03
1.4968083705753088e-03
1.4967087190598249e-03
1.4971767086535692e-03
1.4973921934142709e-03
1.4968873001635075e-03
1.4959200052544475e-03
1.4950784388929605e-03
1.4947521267458797e-03
1.4948217431083322e-03
1.4948614407330751e-03
1.4945619041100144e-03
1.4939495595172048e-03
1.4933203347027302e-03
1.4929241733625531e-03
1.4927749289199710e-03
1.4926840085536242e-03
1.4924528077244759e-03
1.4920397661626339e-03
1.4915559440851212e-03
1.4911510515958071e-03
1.4908831799402833e-03
1.4906919095665216e-03
1.4904704876244068e-03
1.4901562826707959e-03
1.4897730434313416e-03
1.4893920160830021e-03
1.4890704769641161e-03
1.4888093573972583e-03
1.4885654672980309e-03
1.4882922405377030e-03
1.4879733789712191e-03
1.4876298373565078e-03
1.4872965402901173e-03
1.4869940932840109e-03
1.4867176068946719e-03
1.4864456607028842e-03
1.4861572999507189e-03
1.4858477516099811e-03
1.4855281915515661e-03
1.4852134045213461e-03
1.4849127037450671e-03
1.4846248086541891e-03
1.4843393582850695e-03
1.4840476214885712e-03
1.4837459893897176e-03
1.4834385365247726e-03
1.4831315493211150e-03
1.4828301500529051e-03
1.4825350372120738e-03
1.4822431840002537e-03
1.4819494681432843e-03
1.4816519105806947e-03
1.4813509769737720e-03
1.4810482971370220e-03
1.4807467814534903e-03
1.4804481761530042e-03
1.4801520155742764e-03
1.4798563206568360e-03
1.4795600436627865e-03
1.4792619040235877e-03
1.4789623674005270e-03
1.4786622487008572e-03
1.4783624792471528e-03
1.4780637575313449e-03
1.4777661999687552e-03
1.4774689916521311e-03
1.4771718997508287e-03
1.4768736436963081e-03
1.4765749219805002e-03
1.4762759674340487e-03
1.4759767800569534e-03
1.4756779419258237e-03
1.4753796858713031e-03
1.4750814298167825e-03
1.4747837558388710e-03
1.4744856161996722e-03
1.4741874765604734e-03
1.4738889876753092e-03
1.4735903823748231e-03
1.4732921263203025e-03
1.4729937538504601e-03
1.4726956142112613e-03
1.4723981730639935e-03
1.4721009647473693e-03
1.4718043385073543e-03
1.4715084107592702e-03
1.4712134143337607e-03
1.4709201641380787e-03
1.4706288930028677e-03
1.4703415799885988e-03
1.4700593892484903e-03
1.4697855804115534e-03
1.4695246936753392e-03
1.4692823169752955e-03
1.4690691605210304e-03
1.4689000090584159e-03
1.4687980292364955e-03
1.4687952352687716e-03
1.4689409872516990e-03
1.4692896511405706e-03
1.4699167804792523e-03
1.4708472881466150e-03
1.4720816398039460e-03
1.4733703574165702e-03
1.4743851497769356e-03
1.4744776999577880e-03
1.4734409051015973e-03
1.4713421696797013e-03
1.4689686940982938e-03
1.4669896336272359e-03
1.4657177962362766e-03
1.4650867087766528e-03
1.4648194191977382e-03
1.4647544594481587e-03
1.4648057986050844e-03
1.4649005606770515e-03
1.4648395590484142e-03
1.4643800677731633e-03
1.4634958934038877e-03
1.4623902970924973e-03
1.4614933170378208e-03
1.4610851649194956e-03
1.4611416263505816e-03
1.4613636303693056e-03
1.4613884268328547e-03
1.4610470971092582e-03
1.4603994786739349e-03
1.4596962137147784e-03
1.4591522049158812e-03
1.4588371850550175e-03
1.4586711768060923e-03
1.4585218159481883e-03
1.4583078445866704e-03
1.4580177376046777e-03
1.4576889807358384e-03
1.4573517255485058e-03
1.4570112107321620e-03
1.4566627796739340e-03
1.4563109725713730e-03
1.4559795381501317e-03
1.4556915266439319e-03
1.4554492663592100e-03
1.4552278444170952e-03
1.4549896586686373e-03
1.4547086320817471e-03
1.4543851139023900e-03
1.4540433185175061e-03
1.4537116512656212e-03
1.4534075744450092e-03
1.4531293418258429e-03
1.4528640313073993e-03
1.4525974402204156e-03
1.4523231657221913e-03
1.4520430704578757e-03
1.4517608797177672e-03
1.4514792710542679e-03
1.4511968474835157e-03
1.4509102329611778e-03
1.4506180305033922e-03
1.4503231504932046e-03
1.4500299002975225e-03
1.4497423544526100e-03
1.4494614442810416e-03
1.4491853071376681e-03
1.4489098684862256e-03
1.4486331492662430e-03
1.4483534032478929e-03
1.4480715617537498e-03
1.4477889053523540e-03
1.4475067146122456e-03
1.4472249895334244e-03
1.4469421003013849e-03
1.4466583961620927e-03
1.4463729457929730e-03
1.4460869133472443e-03
1.4458007644861937e-03
1.4455151977017522e-03
1.4452300965785980e-03
1.4449449954554439e-03
1.4446594286710024e-03
1.4443729305639863e-03
1.4440849190577865e-03
1.4437953941524029e-03
1.4435045886784792e-03
1.4432121533900499e-03
1.4429176226258278e-03
1.4426201814785600e-03
1.4423185493797064e-03
1.4420116785913706e-03
1.4416981721296906e-03
1.4413754688575864e-03
1.4410415897145867e-03
1.4406924601644278e-03
1.4403240056708455e-03
1.4399312203750014e-03
1.4395106118172407e-03
1.4390622964128852e-03
1.4385932590812445e-03
1.4381175860762596e-03
1.4376553008332849e-03
1.4372250298038125e-03
1.4368379488587379e-03
1.4364956878125668e-03
1.4361919602379203e-03
1.4359186170622706e-03
1.4356705360114574e-03
1.4354506274685264e-03
1.4352686703205109e-03
1.4351449208334088e-03
1.4351106947287917e-03
1.4352129073813558e-03
1.4355171006172895e-03
1.4361063949763775e-03
1.4370753196999431e-03
1.4384796377271414e-03
1.4402725500985980e-03
1.4421157538890839e-03
1.4433350879698992e-03
1.4428766444325447e-03
1.4401104999706149e-03
1.4353424776345491e-03
1.4303413918241858e-03
1.4270002720877528e-03
1.4261684846132994e-03
1.4271782711148262e-03
1.4285346260294318e-03
1.4288264792412519e-03
1.4275036519393325e-03
1.4251420507207513e-03
1.4228918589651585e-03
1.4217001153156161e-03
1.4216395793482661e-03
1.4221158344298601e-03
1.4223880134522915e-03
1.4220824232324958e-03
1.4212959213182330e-03
1.4204084873199463e-03
1.4197649434208870e-03
1.4194425893947482e-03
1.4192935777828097e-03
1.4190977672114968e-03
1.4187430497258902e-03
1.4182558516040444e-03
1.4177405973896384e-03
1.4172829687595367e-03
1.4168913476169109e-03
1.4165248721837997e-03
1.4161374419927597e-03
1.4157231198623776e-03
1.4153025113046169e-03
1.4149002963677049e-03
1.4145213644951582e-03
1.4141499996185303e-03
1.4137685066089034e-03
1.4133739750832319e-03
1.4129844494163990e-03
1.4126216992735863e-03
1.4122958527877927e-03
1.4119957340881228e-03
1.4116973616182804e-03
1.4113798970356584e-03
1.4110365882515907e-03
1.4106795424595475e-03
1.4103284338489175e-03
1.4099994441494346e-03
1.4096944360062480e-03
1.4094011858105659e-03
1.4091045595705509e-03
1.4087917516008019e-03
1.4084629947319627e-03
1.4081260887905955e-03
1.4077941887080669e-03
1.4074753271415830e-03
1.4071703189983964e-03
1.4068738091737032e-03
1.4065769501030445e-03
1.4062736881896853e-03
1.4059625100344419e-03
1.4056465588510036e-03
1.4053316554054618e-03
1.4050216414034367e-03
1.4047184959053993e-03
1.4044208219274879e-03
1.4041251270100474e-03
1.4038280351087451e-03
1.4035282656550407e-03
1.4032261678948998e-03
1.4029231388121843e-03
1.4026209246367216e-03
1.4023211551830173e-03
1.4020235976204276e-03
1.4017277862876654e-03
1.4014320913702250e-03
1.4011358143761754e-03
1.4008383732289076e-03
1.4005401171743870e-03
1.4002406969666481e-03
1.3999410439282656e-03
1.3996406923979521e-03
1.3993396423757076e-03
1.3990368461236358e-03
1.3987313723191619e-03
1.3984215911477804e-03
1.3981065712869167e-03
1.3977838680148125e-03
1.3974516186863184e-03
1.3971065636724234e-03
1.3967441627755761e-03
1.3963596429675817e-03
1.3959463685750961e-03
1.3954991009086370e-03
1.3950151624158025e-03
1.3944993261247873e-03
1.3939652126282454e-03
1.3934323797002435e-03
1.3929182896390557e-03
1.3924365630373359e-03
1.3919972116127610e-03
1.3916087336838245e-03
1.3912694994360209e-03
1.3909671688452363e-03
1.3906826497986913e-03
1.3904008083045483e-03
1.3901124475523829e-03
1.3898143079131842e-03
1.3895062729716301e-03
1.3891893904656172e-03
1.3888658722862601e-03
1.3885371154174209e-03
1.3882049825042486e-03
1.3878706376999617e-03
1.3875347794964910e-03
1.3871986884623766e-03
1.3868631795048714e-03
1.3865291839465499e-03
1.3861979823559523e-03
1.3858708553016186e-03
1.3855487341061234e-03
1.3852322008460760e-03
1.3849209062755108e-03
1.3846153160557151e-03
1.3843138003721833e-03
1.3840162428095937e-03
1.3837212463840842e-03
1.3834274141117930e-03
1.3831346295773983e-03
1.3828420778736472e-03
1.3825497590005398e-03
1.3822576729580760e-03
1.3819667510688305e-03
1.3816775754094124e-03
1.3813917757943273e-03
1.3811106327921152e-03
1.3808371732011437e-03
1.3805755879729986e-03
1.3803325127810240e-03
1.3801184250041842e-03
1.3799516018480062e-03
1.3798607978969812e-03
1.3798952568322420e-03
1.3801320455968380e-03
1.3807000359520316e-03
1.3817790895700455e-03
1.3836438301950693e-03
1.3865308137610555e-03
1.3906105887144804e-03
1.3952261069789529e-03
1.3989044819027185e-03
1.3985872501507401e-03
1.3929584529250860e-03
1.3838812010362744e-03
1.3770024525001645e-03
1.3760508736595511e-03
1.3798483414575458e-03
1.3838396407663822e-03
1.3839571038261056e-03
1.3800401939079165e-03
1.3755467953160405e-03
1.3741145376116037e-03
1.3758830027654767e-03
1.3780161971226335e-03
1.3778886059299111e-03
1.3754871906712651e-03
1.3731069630011916e-03
1.3726153410971165e-03
1.3736784458160400e-03
1.3744966126978397e-03
1.3738595880568027e-03
1.3722673757001758e-03
1.3711135834455490e-03
1.3710968196392059e-03
1.3716276735067368e-03
1.3716812245547771e-03
1.3709117192775011e-03
1.3698788825422525e-03
1.3693145010620356e-03
1.3693356886506081e-03
1.3694501249119639e-03
1.3691680505871773e-03
1.3684922596439719e-03
1.3678262475878000e-03
1.3674988877028227e-03
1.3674549991264939e-03
1.3673843350261450e-03
1.3670723419636488e-03
1.3665835140272975e-03
1.3661468401551247e-03
1.3659023679792881e-03
1.3657857198268175e-03
1.3656273949891329e-03
1.3653297210112214e-03
1.3649405445903540e-03
1.3645815197378397e-03
1.3643228448927402e-03
1.3641307596117258e-03
1.3639198150485754e-03
1.3636386720463634e-03
1.3633092166855931e-03
1.3629922177642584e-03
1.3627271400764585e-03
1.3625028077512980e-03
1.3622778933495283e-03
1.3620215468108654e-03
1.3617372605949640e-03
1.3614525087177753e-03
1.3611902249976993e-03
1.3609515735879540e-03
1.3607188593596220e-03
1.3604738051071763e-03
1.3602119870483875e-03
1.3599436497315764e-03
1.3596825301647186e-03
1.3594343326985836e-03
1.3591940514743328e-03
1.3589516747742891e-03
1.3587019639089704e-03
1.3584461994469166e-03
1.3581904349848628e-03
1.3579403748735785e-03
1.3576968340203166e-03
1.3574557378888130e-03
1.3572133611887693e-03
1.3569673756137490e-03
1.3567191781476140e-03
1.3564709806814790e-03
1.3562260428443551e-03
1.3559840153902769e-03
1.3557437341660261e-03
1.3555027544498444e-03
1.3552604941651225e-03
1.3550169533118606e-03
1.3547735288739204e-03
1.3545311521738768e-03
1.3542907545343041e-03
1.3540514046326280e-03
1.3538126368075609e-03
1.3535735197365284e-03
1.3533339370042086e-03
1.3530940050259233e-03
1.3528546551242471e-03
1.3526161201298237e-03
1.3523782836273313e-03
1.3521411456167698e-03
1.3519043568521738e-03
1.3516678009182215e-03
1.3514307793229818e-03
1.3511943398043513e-03
1.3509577838703990e-03
1.3507218100130558e-03
1.3504864182323217e-03
1.3502514921128750e-03
1.3500170316547155e-03
1.3497823383659124e-03
1.3495483435690403e-03
1.3493141159415245e-03
1.3490802375599742e-03
1.3488467084243894e-03
1.3486136449500918e-03
1.3483805814757943e-03
1.3481482164934278e-03
1.3479157350957394e-03
1.3476838357746601e-03
1.3474520528689027e-03
1.3472205027937889e-03
1.3469890691339970e-03
1.3467579847201705e-03
1.3465273659676313e-03
1.3462967472150922e-03
1.3460663612931967e-03
1.3458364410325885e-03
1.3456067536026239e-03
1.3453774154186249e-03
1.3451479608193040e-03
1.3449189718812704e-03
1.3446904486045241e-03
1.3444618089124560e-03
1.3442335184663534e-03
1.3440053444355726e-03
1.3437774032354355e-03
1.3435499276965857e-03
1.3433225685730577e-03
1.3430955586954951e-03
1.3428686652332544e-03
1.3426420046016574e-03
1.3424155768007040e-03
1.3421894982457161e-03
1.3419635361060500e-03
1.3417378067970276e-03
1.3415123103186488e-03
1.3412868138402700e-03
1.3410618994385004e-03
1.3408369850367308e-03
1.3406125362962484e-03
1.3403879711404443e-03
1.3401636388152838e-03
1.3399395393207669e-03
1.3397159054875374e-03
1.3394922716543078e-03
1.3392687542364001e-03
1.3390454696491361e-03
1.3388225343078375e-03
1.3385995989665389e-03
1.3383768964558840e-03
1.3381544267758727e-03
1.3379321899265051e-03
1.3377099530771375e-03
1.3374880654737353e-03
1.3372661778703332e-03
1.3370446395128965e-03
1.3368231011554599e-03
1.3366016792133451e-03
1.3363803736865520e-03
1.3361593009904027e-03
1.3359383447095752e-03
1.3357173884287477e-03
1.3354964321479201e-03
1.3352754758670926e-03
1.3350545195862651e-03
1.3348336797207594e-03
1.3346127234399319e-03
1.3343916507437825e-03
1.3341703452169895e-03
1.3339490396901965e-03
1.3337269192561507e-03
1.3335047988221049e-03
1.3332823291420937e-03
1.3330592773854733e-03
1.3328357599675655e-03
1.3326117768883705e-03
1.3323876773938537e-03
1.3321643928065896e-03
1.3319430872797966e-03
1.3317272532731295e-03
1.3315217802301049e-03
1.3313387753441930e-03
1.3311981456354260e-03
1.3311374932527542e-03
1.3312267838045955e-03
1.3315896503627300e-03
1.3324287720024586e-03
1.3340585865080357e-03
1.3368338113650680e-03
1.3410497922450304e-03
1.3462244533002377e-03
1.3506764080375433e-03
1.3508956180885434e-03
1.3447116361930966e-03
1.3346789637580514e-03
1.3276077806949615e-03
1.3277556281536818e-03
1.3327576452866197e-03
1.3365498743951321e-03
1.3349197106435895e-03
1.3294041855260730e-03
1.3253749348223209e-03
1.3259064871817827e-03
1.3288131449371576e-03
1.3298570411279798e-03
1.3274711091071367e-03
1.3240472180768847e-03
1.3227489544078708e-03
1.3238766696304083e-03
1.3250763295218349e-03
1.3244110159575939e-03
1.3224111171439290e-03
1.3210818869993091e-03
1.3213428901508451e-03
1.3221802655607462e-03
1.3221472036093473e-03
1.3210513861849904e-03
1.3199405511841178e-03
1.3196942163631320e-03
1.3200565008446574e-03
1.3201431138440967e-03
1.3195512583479285e-03
1.3187138829380274e-03
1.3182576512917876e-03
1.3182715047150850e-03
1.3183144619688392e-03
1.3180038658902049e-03
1.3174202758818865e-03
1.3169297017157078e-03
1.3167334254831076e-03
1.3166822027415037e-03
1.3165054842829704e-03
1.3161241076886654e-03
1.3156951172277331e-03
1.3153997715562582e-03
1.3152485480532050e-03
1.3151034945622087e-03
1.3148508733138442e-03
1.3145128032192588e-03
1.3141974341124296e-03
1.3139706570655107e-03
1.3137983623892069e-03
1.3135998742654920e-03
1.3133378233760595e-03
1.3130470179021358e-03
1.3127835700288415e-03
1.3125678524374962e-03
1.3123697135597467e-03
1.3121492229402065e-03
1.3118959031999111e-03
1.3116333866491914e-03
1.3113893801346421e-03
1.3111698208376765e-03
1.3109574792906642e-03
1.3107319828122854e-03
1.3104905374348164e-03
1.3102451339364052e-03
1.3100105570629239e-03
1.3097891351208091e-03
1.3095726026222110e-03
1.3093501329421997e-03
1.3091198634356260e-03
1.3088864507153630e-03
1.3086582766845822e-03
1.3084372039884329e-03
1.3082198565825820e-03
1.3080008793622255e-03
1.3077773619443178e-03
1.3075517490506172e-03
1.3073275331407785e-03
1.3071068096905947e-03
1.3068895787000656e-03
1.3066728133708239e-03
1.3064548838883638e-03
1.3062357902526855e-03
1.3060172786936164e-03
1.3058016775175929e-03
1.3055894523859024e-03
1.3053815346211195e-03
1.3051774585619569e-03
1.3049789704382420e-03
1.3047896791249514e-03
1.3046148233115673e-03
1.3044635998085141e-03
1.3043464859947562e-03
1.3042821083217859e-03
1.3042907230556011e-03
1.3044123770669103e-03
1.3046734966337681e-03
1.3051314745098352e-03
1.3057522010058165e-03
1.3065258972346783e-03
1.3071532594040036e-03
1.3074298622086644e-03
1.3068851549178362e-03
1.3056136667728424e-03
1.3038777979090810e-03
1.3023396022617817e-03
1.3014082796871662e-03
1.3011378468945622e-03
1.3012867420911789e-03
1.3015300501137972e-03
1.3016390148550272e-03
1.3014785945415497e-03
1.3010615948587656e-03
1.3004489010199904e-03
1.2997732264921069e-03
1.2991768307983875e-03
1.2987821828573942e-03
1.2986280489712954e-03
1.2986393412575126e-03
1.2986673973500729e-03
1.2985656503587961e-03
1.2982765911146998e-03
1.2978442246094346e-03
1.2973868288099766e-03
1.2970142997801304e-03
1.2967721559107304e-03
1.2966331560164690e-03
1.2965302448719740e-03
1.2963996268808842e-03
1.2962108012288809e-03
1.2959681916981936e-03
1.2956942664459348e-03
1.2954135891050100e-03
1.2951431563124061e-03
1.2948933290317655e-03
1.2946686474606395e-03
1.2944688787683845e-03
1.2942889006808400e-03
1.2941168388351798e-03
1.2939384905621409e-03
1.2937430292367935e-03
1.2935274280607700e-03
1.2932975078001618e-03
1.2930645607411861e-03
1.2928382493555546e-03
1.2926246272400022e-03
1.2924233451485634e-03
1.2922298628836870e-03
1.2920390581712127e-03
1.2918475549668074e-03
1.2916538398712873e-03
1.2914582621306181e-03
1.2912609381601214e-03
1.2910622172057629e-03
1.2908615171909332e-03
1.2906591873615980e-03
1.2904560426250100e-03
1.2902531307190657e-03
1.2900523142889142e-03
1.2898541754111648e-03
1.2896587140858173e-03
1.2894654646515846e-03
1.2892734957858920e-03
1.2890819925814867e-03
1.2888903729617596e-03
1.2886985205113888e-03
1.2885070173069835e-03
1.2883156305179000e-03
1.2881242437288165e-03
1.2879330897703767e-03
1.2877414701506495e-03
1.2875501997768879e-03
1.2873584637418389e-03
1.2871670769527555e-03
1.2869756901636720e-03
1.2867846526205540e-03
1.2865939643234015e-03
1.2864039745181799e-03
1.2862141011282802e-03
1.2860245769843459e-03
1.2858352856710553e-03
1.2856462271884084e-03
1.2854577507823706e-03
1.2852695072069764e-03
1.2850821949541569e-03
1.2848954647779465e-03
1.2847096659243107e-03
1.2845250312238932e-03
1.2843421427533031e-03
1.2841613497585058e-03
1.2839835835620761e-03
1.2838103575631976e-03
1.2836434179916978e-03
1.2834854423999786e-03
1.2833406217396259e-03
1.2832152424380183e-03
1.2831182684749365e-03
1.2830637861043215e-03
1.2830704217776656e-03
1.2831697240471840e-03
1.2833981309086084e-03
1.2838196707889438e-03
1.2844924349337816e-03
1.2855192180722952e-03
1.2869179481640458e-03
1.2887347256764770e-03
1.2906567426398396e-03
1.2923493050038815e-03
1.2928101932629943e-03
1.2915361439809203e-03
1.2881512520834804e-03
1.2838107068091631e-03
1.2800849508494139e-03
1.2783462880179286e-03
1.2787622399628162e-03
1.2804163852706552e-03
1.2819762341678143e-03
1.2823368888348341e-03
1.2812534114345908e-03
1.2792508350685239e-03
1.2773958733305335e-03
1.2764737475663424e-03
1.2765916762873530e-03
1.2772365007549524e-03
1.2776866788044572e-03
1.2774756178259850e-03
1.2765713036060333e-03
1.2753765331581235e-03
1.2743821134790778e-03
1.2738880468532443e-03
1.2738520745187998e-03
1.2739899102598429e-03
1.2739894445985556e-03
1.2736844364553690e-03
1.2731293682008982e-03
1.2725129490718246e-03
1.2720313388854265e-03
1.2717681238427758e-03
1.2716719647869468e-03
1.2716122437268496e-03
1.2714641634374857e-03
1.2711762683466077e-03
1.2707788264378905e-03
1.2703549582511187e-03
1.2699839426204562e-03
1.2697036145254970e-03
1.2695007026195526e-03
1.2693274766206741e-03
1.2691345764324069e-03
1.2688926653936505e-03
1.2686050031334162e-03
1.2682953383773565e-03
1.2679966166615486e-03
1.2677303748205304e-03
1.2675025500357151e-03
1.2673026649281383e-03
1.2671116273850203e-03
1.2669126736000180e-03
1.2666960246860981e-03
1.2664622627198696e-03
1.2662187218666077e-03
1.2659757630899549e-03
1.2657413026317954e-03
1.2655189493671060e-03
1.2653068406507373e-03
1.2651011347770691e-03
1.2648955453187227e-03
1.2646863469853997e-03
1.2644709786400199e-03
1.2642506044358015e-03
1.2640272034332156e-03
1.2638032203540206e-03
1.2635812163352966e-03
1.2633625883609056e-03
1.2631471036002040e-03
1.2629344128072262e-03
1.2627231189981103e-03
1.2625121744349599e-03
1.2623005313798785e-03
1.2620874913409352e-03
1.2618736363947392e-03
1.2616586172953248e-03
1.2614434817805886e-03
1.2612284626811743e-03
1.2610140256583691e-03
1.2608005199581385e-03
1.2605881784111261e-03
1.2603765353560448e-03
1.2601657072082162e-03
1.2599559267982841e-03
1.2597463792189956e-03
1.2595370644703507e-03
1.2593277497217059e-03
1.2591187842190266e-03
1.2589097023010254e-03
1.2587006203830242e-03
1.2584915384650230e-03
1.2582822237163782e-03
1.2580730253830552e-03
1.2578639434650540e-03
1.2576546287164092e-03
1.2574454303830862e-03
1.2572362320497632e-03
1.2570266844704747e-03
1.2568171368911862e-03
1.2566073564812541e-03
1.2563971104100347e-03
1.2561866315081716e-03
1.2559754541143775e-03
1.2557638110592961e-03
1.2555518187582493e-03
1.2553391279652715e-03
1.2551258550956845e-03
1.2549121165648103e-03
1.2546979123726487e-03
1.2544837081804872e-03
1.2542697368189692e-03
1.2540565803647041e-03
1.2538443552330136e-03
1.2536342255771160e-03
1.2534270063042641e-03
1.2532239779829979e-03
1.2530266540125012e-03
1.2528378283604980e-03
1.2526612263172865e-03
1.2525024358183146e-03
1.2523707700893283e-03
1.2522793840616941e-03
1.2522506294772029e-03
1.2523165205493569e-03
1.2525293277576566e-03
1.2529605301097035e-03
1.2537200236693025e-03
1.2549302773550153e-03
1.2567483354359865e-03
1.2591977138072252e-03
1.2621567584574223e-03
1.2648536358028650e-03
1.2662113877013326e-03
1.2647025287151337e-03
1.2603406794369221e-03
1.2546563521027565e-03
1.2505340855568647e-03
1.2495820410549641e-03
1.2512803077697754e-03
1.2535570422187448e-03
1.2543580960482359e-03
1.2529375962913036e-03
1.2502571335062385e-03
1.2481765588745475e-03
1.2478219578042626e-03
1.2488516513258219e-03
1.2499422300606966e-03
1.2499672593548894e-03
1.2487659696489573e-03
1.2471704976633191e-03
1.2462034355849028e-03
1.2462474405765533e-03
1.2468599015846848e-03
1.2472571106627584e-03
1.2469709618017077e-03
1.2461307924240828e-03
1.2452753726392984e-03
1.2448542984202504e-03
1.2449059868231416e-03
1.2451126240193844e-03
1.2451112270355225e-03
1.2447724584490061e-03
1.2442477745935321e-03
1.2438009725883603e-03
1.2435859534889460e-03
1.2435581302270293e-03
1.2435463722795248e-03
1.2434048112481833e-03
1.2431092327460647e-03
1.2427523033693433e-03
1.2424542801454663e-03
1.2422727886587381e-03
1.2421770952641964e-03
1.2420848943293095e-03
1.2419298291206360e-03
1.2416985118761659e-03
1.2414314551278949e-03
1.2411838397383690e-03
1.2409886112436652e-03
1.2408392503857613e-03
1.2407039757817984e-03
1.2405489105731249e-03
1.2403604341670871e-03
1.2401480926200747e-03
1.2399335391819477e-03
1.2397360987961292e-03
1.2395605444908142e-03
1.2393988436087966e-03
1.2392363278195262e-03
1.2390622869133949e-03
1.2388745089992881e-03
1.2386782327666879e-03
1.2384824221953750e-03
1.2382939457893372e-03
1.2381140841171145e-03
1.2379393447190523e-03
1.2377640232443810e-03
1.2375828810036182e-03
1.2373939389362931e-03
1.2371978955343366e-03
1.2369974283501506e-03
1.2367944000288844e-03
1.2365900911390781e-03
1.2363826390355825e-03
1.2361698318272829e-03
1.2359493412077427e-03
1.2357201194390655e-03
1.2354839127510786e-03
1.2352447956800461e-03
1.2350096367299557e-03
1.2347854208201170e-03
1.2345756404101849e-03
1.2343798298388720e-03
1.2341922847554088e-03
1.2340057874098420e-03
1.2338139349594712e-03
1.2336133513599634e-03
1.2334040366113186e-03
1.2331895995885134e-03
1.2329737655818462e-03
1.2327601434662938e-03
1.2325519928708673e-03
1.2323497794568539e-03
1.2321537360548973e-03
1.2319615343585610e-03
1.2317716609686613e-03
1.2315824860706925e-03
1.2313924962654710e-03
1.2312015751376748e-03
1.2310099555179477e-03
1.2308184523135424e-03
1.2306276476010680e-03
1.2304388219490647e-03
1.2302519753575325e-03
1.2300676899030805e-03
1.2298858491703868e-03
1.2297065695747733e-03
1.2295300839468837e-03
1.2293561594560742e-03
1.2291858438402414e-03
1.2290201848372817e-03
1.2288615107536316e-03
1.2287126155570149e-03
1.2285786215215921e-03
1.2284656986594200e-03
1.2283850228413939e-03
1.2283475371077657e-03
1.2283768737688661e-03
1.2284866534173489e-03
1.2287170393392444e-03
1.2290561571717262e-03
1.2295353226363659e-03
1.2300161179155111e-03
1.2304488336667418e-03
1.2305082054808736e-03
1.2301907408982515e-03
1.2294251937419176e-03
1.2286088895052671e-03
1.2280704686418176e-03
1.2280578957870603e-03
1.2284714030101895e-03
1.2289722217246890e-03
1.2292020255699754e-03
1.2288712896406651e-03
1.2280727969482541e-03
1.2270413571968675e-03
1.2261295923963189e-03
1.2255285400897264e-03
1.2251985026523471e-03
1.2249670689925551e-03
1.2246519327163696e-03
1.2242266675457358e-03
1.2237819610163569e-03
1.2234722962602973e-03
1.2233703164383769e-03
1.2234300374984741e-03
1.2235237518325448e-03
1.2235206086188555e-03
1.2233752058818936e-03
1.2231172295287251e-03
1.2228385312482715e-03
1.2226031394675374e-03
1.2224233942106366e-03
1.2222606455907226e-03
1.2220635544508696e-03
1.2218095362186432e-03
1.2215110473334789e-03
1.2212118599563837e-03
1.2209491105750203e-03
1.2207359541207552e-03
1.2205577222630382e-03
1.2203876394778490e-03
1.2202049838379025e-03
1.2200046330690384e-03
1.2197982287034392e-03
1.2196009047329426e-03
1.2194233713671565e-03
1.2192642316222191e-03
1.2191137066110969e-03
1.2189612025395036e-03
1.2187999673187733e-03
1.2186312815174460e-03
1.2184613151475787e-03
1.2182975187897682e-03
1.2181438505649567e-03
1.2180020567029715e-03
1.2178692268207669e-03
1.2177431490272284e-03
1.2176247546449304e-03
1.2175174197182059e-03
1.2174299918115139e-03
1.2173730647191405e-03
1.2173606082797050e-03
1.2174097355455160e-03
1.2175409356132150e-03
1.2177852913737297e-03
1.2181752827018499e-03
1.2187618995085359e-03
1.2195748277008533e-03
1.2206523679196835e-03
1.2219280470162630e-03
1.2232901062816381e-03
1.2243698583915830e-03
1.2247950071468949e-03
1.2240501819178462e-03
1.2221136130392551e-03
1.2193302391096950e-03
1.2166203232482076e-03
1.2148044770583510e-03
1.2142709456384182e-03
1.2148066889494658e-03
1.2158200843259692e-03
1.2166611850261688e-03
1.2168606044724584e-03
1.2163210194557905e-03
1.2152570998296142e-03
1.2141200713813305e-03
1.2132979463785887e-03
1.2129743117839098e-03
1.2130745453760028e-03
1.2133631389588118e-03
1.2135817669332027e-03
1.2135554570704699e-03
1.2132576666772366e-03
1.2127754744142294e-03
1.2122681364417076e-03
1.2118672020733356e-03
1.2116373982280493e-03
1.2115606805309653e-03
1.2115644058212638e-03
1.2115625431761146e-03
1.2114895507693291e-03
1.2113226111978292e-03
1.2110772076994181e-03
1.2107985094189644e-03
1.2105327332392335e-03
1.2103157350793481e-03
1.2101584579795599e-03
1.2100508902221918e-03
1.2099674204364419e-03
1.2098801089450717e-03
1.2097674189135432e-03
1.2096196878701448e-03
1.2094426201656461e-03
1.2092484394088387e-03
1.2090547243133187e-03
1.2088753283023834e-03
1.2087173527106643e-03
1.2085803318768740e-03
1.2084575137123466e-03
1.2083399342373013e-03
1.2082186294719577e-03
1.2080883607268333e-03
1.2079467996954918e-03
1.2077960418537259e-03
1.2076395796611905e-03
1.2074826518073678e-03
1.2073279358446598e-03
1.2071778764948249e-03
1.2070329394191504e-03
1.2068923097103834e-03
1.2067549396306276e-03
1.2066189665347338e-03
1.2064833426848054e-03
1.2063472531735897e-03
1.2062103487551212e-03
1.2060725130140781e-03
1.2059335131198168e-03
1.2057943968102336e-03
1.2056542327627540e-03
1.2055138358846307e-03
1.2053730897605419e-03
1.2052321108058095e-03
1.2050911318510771e-03
1.2049500364810228e-03
1.2048091739416122e-03
1.2046686606481671e-03
1.2045283801853657e-03
1.2043886817991734e-03
1.2042494490742683e-03
1.2041107984259725e-03
1.2039721477776766e-03
1.2038337299600244e-03
1.2036957778036594e-03
1.2035577092319727e-03
1.2034198734909296e-03
1.2032822705805302e-03
1.2031445512548089e-03
1.2030067155137658e-03
1.2028689961880445e-03
1.2027316261082888e-03
1.2025940231978893e-03
1.2024567695334554e-03
1.2023193994536996e-03
1.2021823786199093e-03
1.2020452413707972e-03
1.2019082205370069e-03
1.2017714325338602e-03
1.2016349937766790e-03
1.2014985550194979e-03
1.2013623490929604e-03
1.2012266088277102e-03
1.2010911013931036e-03
1.2009566416963935e-03
1.2008229969069362e-03
1.2006909819319844e-03
1.2005614116787910e-03
1.2004354503005743e-03
1.2003153096884489e-03
1.2002043658867478e-03
1.2001085560768843e-03
1.2000366114079952e-03
1.2000034330412745e-03
1.2000333517789841e-03
1.2001673458144069e-03
1.2004682794213295e-03
1.2010427890345454e-03
1.2020433787256479e-03
1.2037076521664858e-03
1.2062849709764123e-03
1.2100299354642630e-03
1.2146740918979049e-03
1.2193071888759732e-03
1.2213572626933455e-03
1.2187135871499777e-03
1.2110533425584435e-03
1.2027862248942256e-03
1.1987972538918257e-03
1.2004993623122573e-03
1.2047530617564917e-03
1.2069954536855221e-03
1.2049645883962512e-03
1.2004192685708404e-03
1.1974069057032466e-03
1.1979734990745783e-03
1.2005491880699992e-03
1.2019769055768847e-03
1.2006821343675256e-03
1.1979321716353297e-03
1.1962407734245062e-03
1.1966899037361145e-03
1.1981265852227807e-03
1.1986885219812393e-03
1.1977246031165123e-03
1.1962169082835317e-03
1.1955127120018005e-03
1.1959081748500466e-03
1.1965568410232663e-03
1.1965371668338776e-03
1.1957724345847964e-03
1.1949670733883977e-03
1.1947429738938808e-03
1.1950351763516665e-03
1.1952876811847091e-03
1.1950863990932703e-03
1.1945418082177639e-03
1.1940771946683526e-03
1.1939624091610312e-03
1.1940856929868460e-03
1.1941373813897371e-03
1.1939412215724587e-03
1.1935904622077942e-03
1.1933068744838238e-03
1.1932053603231907e-03
1.1932110646739602e-03
1.1931649642065167e-03
1.1929885949939489e-03
1.1927388841286302e-03
1.1925300350412726e-03
1.1924190912395716e-03
1.1923672864213586e-03
1.1922919657081366e-03
1.1921476107090712e-03
1.1919575044885278e-03
1.1917795054614544e-03
1.1916504008695483e-03
1.1915583163499832e-03
1.1914635542780161e-03
1.1913374764844775e-03
1.1911833425983787e-03
1.1910273460671306e-03
1.1908925371244550e-03
1.1907803127542138e-03
1.1906744912266731e-03
1.1905567953363061e-03
1.1904217535629869e-03
1.1902790283784270e-03
1.1901414254680276e-03
1.1900165118277073e-03
1.1899004457518458e-03
1.1897836811840534e-03
1.1896596988663077e-03
1.1895286152139306e-03
1.1893952032551169e-03
1.1892660986632109e-03
1.1891428148373961e-03
1.1890227906405926e-03
1.1889018351212144e-03
1.1887770378962159e-03
1.1886490974575281e-03
1.1885202256962657e-03
1.1883932165801525e-03
1.1882688850164413e-03
1.1881465325132012e-03
1.1880240635946393e-03
1.1879000812768936e-03
1.1877743527293205e-03
1.1876480421051383e-03
1.1875223135575652e-03
1.1873975163325667e-03
1.1872742325067520e-03
1.1871511815115809e-03
1.1870275484398007e-03
1.1869033332914114e-03
1.1867786524817348e-03
1.1866535060107708e-03
1.1865288252010942e-03
1.1864050757139921e-03
1.1862813262268901e-03
1.1861578095704317e-03
1.1860341764986515e-03
1.1859103105962276e-03
1.1857862118631601e-03
1.1856621131300926e-03
1.1855377815663815e-03
1.1854142649099231e-03
1.1852906318381429e-03
1.1851669987663627e-03
1.1850437149405479e-03
1.1849204311147332e-03
1.1847969144582748e-03
1.1846730485558510e-03
1.1845497647300363e-03
1.1844264809042215e-03
1.1843034299090505e-03
1.1841806117445230e-03
1.1840579099953175e-03
1.1839357903227210e-03
1.1838139034807682e-03
1.1836925987154245e-03
1.1835724581032991e-03
1.1834533652290702e-03
1.1833361349999905e-03
1.1832219315692782e-03
1.1831116862595081e-03
1.1830073781311512e-03
1.1829124996438622e-03
1.1828305432572961e-03
1.1827691923826933e-03
1.1827368289232254e-03
1.1827495181933045e-03
1.1828208807855844e-03
1.1829835129901767e-03
1.1832440504804254e-03
1.1836448684334755e-03
1.1841168161481619e-03
1.1846494162455201e-03
1.1849576840177178e-03
1.1849553557112813e-03
1.1843357933685184e-03
1.1833205353468657e-03
1.1821620864793658e-03
1.1813223827630281e-03
1.1810129508376122e-03
1.1811598669737577e-03
1.1814741883426905e-03
1.1816171463578939e-03
1.1814330937340856e-03
1.1809404240921140e-03
1.1803864035755396e-03
1.1799979256466031e-03
1.1798840714618564e-03
1.1799756903201342e-03
1.1800997890532017e-03
1.1801031650975347e-03
1.1799164349213243e-03
1.1796059552580118e-03
1.1792877921834588e-03
1.1790674179792404e-03
1.1789674172177911e-03
1.1789352865889668e-03
1.1788916308432817e-03
1.1787787079811096e-03
1.1785944225266576e-03
1.1783759109675884e-03
1.1781776556745172e-03
1.1780329514294863e-03
1.1779404012486339e-03
1.1778703192248940e-03
1.1777870822697878e-03
1.1776711326092482e-03
1.1775246821343899e-03
1.1773674050346017e-03
1.1772209545597434e-03
1.1770967394113541e-03
1.1769935954362154e-03
1.1768994154408574e-03
1.1768010444939137e-03
1.1766895186156034e-03
1.1765657691285014e-03
1.1764367809519172e-03
1.1763122165575624e-03
1.1761984787881374e-03
1.1760968482121825e-03
1.1760049965232611e-03
1.1759194312617183e-03
1.1758382897824049e-03
1.1757633183151484e-03
1.1757010361179709e-03
1.1756607564166188e-03
1.1756560998037457e-03
1.1757018510252237e-03
1.1758188484236598e-03
1.1760307243093848e-03
1.1763735674321651e-03
1.1768875410780311e-03
1.1776270112022758e-03
1.1786264367401600e-03
1.1799116618931293e-03
1.1813876917585731e-03
1.1828863061964512e-03
1.1839537182822824e-03
1.1841633822768927e-03
1.1830076109617949e-03
1.1806281981989741e-03
1.1775848688557744e-03
1.1749394470825791e-03
1.1734723811969161e-03
1.1733886785805225e-03
1.1742776259779930e-03
1.1754222214221954e-03
1.1761552887037396e-03
1.1760807828977704e-03
1.1752549326047301e-03
1.1740401387214661e-03
1.1729581747204065e-03
1.1723573552444577e-03
1.1723055504262447e-03
1.1726085795089602e-03
1.1729621328413486e-03
1.1731090489774942e-03
1.1729346588253975e-03
1.1725029908120632e-03
1.1719739995896816e-03
1.1715291766449809e-03
1.1712695704773068e-03
1.1711972765624523e-03
1.1712345294654369e-03
1.1712774867191911e-03
1.1712458217516541e-03
1.1711075203493237e-03
1.1708843521773815e-03
1.1706254445016384e-03
1.1703859781846404e-03
1.1701999465003610e-03
1.1700757313519716e-03
1.1699969181790948e-03
1.1699359165504575e-03
1.1698651360347867e-03
1.1697666486725211e-03
1.1696367291733623e-03
1.1694818967953324e-03
1.1693164706230164e-03
1.1691550025716424e-03
1.1690086685121059e-03
1.1688818922266364e-03
1.1687725782394409e-03
1.1686738580465317e-03
1.1685774661600590e-03
1.1684760684147477e-03
1.1683650081977248e-03
1.1682433541864157e-03
1.1681130854412913e-03
1.1679785093292594e-03
1.1678440496325493e-03
1.1677131988108158e-03
1.1675884015858173e-03
1.1674698907881975e-03
1.1673563858494163e-03
1.1672459077090025e-03
1.1671360116451979e-03
1.1670247185975313e-03
1.1669106315821409e-03
1.1667932849377394e-03
1.1666731443256140e-03
1.1665504425764084e-03
1.1664270423352718e-03
1.1663032928481698e-03
1.1661802418529987e-03
1.1660582385957241e-03
1.1659375159069896e-03
1.1658176081255078e-03
1.1656986316666007e-03
1.1655798880383372e-03
1.1654612608253956e-03
1.1653426336124539e-03
1.1652235407382250e-03
1.1651039822027087e-03
1.1649840744212270e-03
1.1648634681478143e-03
1.1647426290437579e-03
1.1646213242784142e-03
1.1644995538517833e-03
1.1643777834251523e-03
1.1642556637525558e-03
1.1641331948339939e-03
1.1640104930847883e-03
1.1638874420896173e-03
1.1637643910944462e-03
1.1636411072686315e-03
1.1635179398581386e-03
1.1633947724476457e-03
1.1632719542831182e-03
1.1631497181952000e-03
1.1630285298451781e-03
1.1629093205556273e-03
1.1627923231571913e-03
1.1626792838796973e-03
1.1625719489529729e-03
1.1624726466834545e-03
1.1623854516074061e-03
1.1623158352449536e-03
1.1622718302533031e-03
1.1622658930718899e-03
1.1623153695836663e-03
1.1624468024820089e-03
1.1626949999481440e-03
1.1631142115220428e-03
1.1637646239250898e-03
1.1647347128018737e-03
1.1660812888294458e-03
1.1678595328703523e-03
1.1699217138811946e-03
1.1720050824806094e-03
1.1733650462701917e-03
1.1733465362340212e-03
1.1712792329490185e-03
1.1676875874400139e-03
1.1637429706752300e-03
1.1610499350354075e-03
1.1603403836488724e-03
1.1613032547757030e-03
1.1628424981608987e-03
1.1637936113402247e-03
1.1634759139269590e-03
1.1620087316259742e-03
1.1602083686739206e-03
1.1589837959036231e-03
1.1587784392759204e-03
1.1593598173931241e-03
1.1600983561947942e-03
1.1603768216446042e-03
1.1599549325183034e-03
1.1590330395847559e-03
1.1580875143408775e-03
1.1575386160984635e-03
1.1575059033930302e-03
1.1577944969758391e-03
1.1580687714740634e-03
1.1580709833651781e-03
1.1577463010326028e-03
1.1572376824915409e-03
1.1567650362849236e-03
1.1564879678189754e-03
1.1564246378839016e-03
1.1564745800569654e-03
1.1564983287826180e-03
1.1564031010493636e-03
1.1561799328774214e-03
1.1558914557099342e-03
1.1556238168850541e-03
1.1554358061403036e-03
1.1553346412256360e-03
1.1552823707461357e-03
1.1552250944077969e-03
1.1551222996786237e-03
1.1549643240869045e-03
1.1547697940841317e-03
1.1545714223757386e-03
1.1543976143002510e-03
1.1542609427124262e-03
1.1541554704308510e-03
1.1540638515725732e-03
1.1539671104401350e-03
1.1538524413481355e-03
1.1537180980667472e-03
1.1535700177773833e-03
1.1534192599356174e-03
1.1532751377671957e-03
1.1531434720382094e-03
1.1530230985954404e-03
1.1529104085639119e-03
1.1527989991009235e-03
1.1526844464242458e-03
1.1525637237355113e-03
1.1524369474500418e-03
1.1523069115355611e-03
1.1521759442985058e-03
1.1520469561219215e-03
1.1519219260662794e-03
1.1518007377162576e-03
1.1516825761646032e-03
1.1515666265040636e-03
1.1514507932588458e-03
1.1513341451063752e-03
1.1512159835547209e-03
1.1510961921885610e-03
1.1509753530845046e-03
1.1508539319038391e-03
1.1507323943078518e-03
1.1506117880344391e-03
1.1504918802529573e-03
1.1503730202093720e-03
1.1502549750730395e-03
1.1501377448439598e-03
1.1500208638608456e-03
1.1499043321236968e-03
1.1497880332171917e-03
1.1496716178953648e-03
1.1495552025735378e-03
1.1494390200823545e-03
1.1493229540064931e-03
1.1492075864225626e-03
1.1490930337458849e-03
1.1489798780530691e-03
1.1488688178360462e-03
1.1487606680020690e-03
1.1486568255349994e-03
1.1485591530799866e-03
1.1484705610200763e-03
1.1483957059681416e-03
1.1483397101983428e-03
1.1483129346743226e-03
1.1483239941298962e-03
1.1483947746455669e-03
1.1485336581245065e-03
1.1487756855785847e-03
1.1491001350805163e-03
1.1495315702632070e-03
1.1499292450025678e-03
1.1502512497827411e-03
1.1501951375976205e-03
1.1497687082737684e-03
1.1488916352391243e-03
1.1479019885882735e-03
1.1470931349322200e-03
1.1467228177934885e-03
1.1468130396679044e-03
1.1471926700323820e-03
1.1476115323603153e-03
1.1478172382339835e-03
1.1477617081254721e-03
1.1474878992885351e-03
1.1472442420199513e-03
1.1472092010080814e-03
1.1474678758531809e-03
1.1479601962491870e-03
1.1485074646770954e-03
1.1489803437143564e-03
1.1492297053337097e-03
1.1492755729705095e-03
1.1491015320643783e-03
1.1487734736874700e-03
1.1482726549729705e-03
1.1475825449451804e-03
1.1467027943581343e-03
1.1456981301307678e-03
1.1447177967056632e-03
1.1439248919487000e-03
1.1434379266574979e-03
1.1432722676545382e-03
1.1433461913838983e-03
1.1435275664553046e-03
1.1436907807365060e-03
1.1437551584094763e-03
1.1436908971518278e-03
1.1435115011408925e-03
1.1432477040216327e-03
1.1429328005760908e-03
1.1425953125581145e-03
1.1422531679272652e-03
1.1419239453971386e-03
1.1416233610361814e-03
1.1413693428039551e-03
1.1411724844947457e-03
1.1410338338464499e-03
1.1409402359277010e-03
1.1408708523958921e-03
1.1408037971705198e-03
1.1407209094613791e-03
1.1406140401959419e-03
1.1404813267290592e-03
1.1403283569961786e-03
1.1401602532714605e-03
1.1399829527363181e-03
1.1397987836971879e-03
1.1396082118153572e-03
1.1394108878448606e-03
1.1392085580155253e-03
1.1390040162950754e-03
1.1388021521270275e-03
1.1386071564629674e-03
1.1384224053472281e-03
1.1382480151951313e-03
1.1380818905308843e-03
1.1379206553101540e-03
1.1377608170732856e-03
1.1376006295904517e-03
1.1374396272003651e-03
1.1372795561328530e-03
1.1371221626177430e-03
1.1369694257155061e-03
1.1368219275027514e-03
1.1366796679794788e-03
1.1365415994077921e-03
1.1364063248038292e-03
1.1362725635990500e-03
1.1361399665474892e-03
1.1360080679878592e-03
1.1358774499967694e-03
1.1357486946508288e-03
1.1356220347806811e-03
1.1354975868016481e-03
1.1353754671290517e-03
1.1352550936862826e-03
1.1351360008120537e-03
1.1350185377523303e-03
1.1349021224305034e-03
1.1347873369231820e-03
1.1346742976456881e-03
1.1345641687512398e-03
1.1344574159011245e-03
1.1343561345711350e-03
1.1342627694830298e-03
1.1341816280037165e-03
1.1341195786371827e-03
1.1340881465002894e-03
1.1341067729517817e-03
1.1342059588059783e-03
1.1344372760504484e-03
1.1348818661645055e-03
1.1356715112924576e-03
1.1369922431185842e-03
1.1391182197257876e-03
1.1423008982092142e-03
1.1466933647170663e-03
1.1516947997733951e-03
1.1558065889403224e-03
1.1560381390154362e-03
1.1508552124723792e-03
1.1418212670832872e-03
1.1344983940944076e-03
1.1329298140481114e-03
1.1364478850737214e-03
1.1407147394493222e-03
1.1415026383474469e-03
1.1381302028894424e-03
1.1336706811562181e-03
1.1319272452965379e-03
1.1335501912981272e-03
1.1360181961208582e-03
1.1364680249243975e-03
1.1343910591676831e-03
1.1318284086883068e-03
1.1309839319437742e-03
1.1320621706545353e-03
1.1334113078191876e-03
1.1334283044561744e-03
1.1320868507027626e-03
1.1306981323286891e-03
1.1303905630484223e-03
1.1310389963909984e-03
1.1316278250887990e-03
1.1314108269289136e-03
1.1305782245472074e-03
1.1298976605758071e-03
1.1298436438664794e-03
1.1301898630335927e-03
1.1303713545203209e-03
1.1300935875624418e-03
1.1295691365376115e-03
1.1292104609310627e-03
1.1291997507214546e-03
1.1293599382042885e-03
1.1293890420347452e-03
1.1291676200926304e-03
1.1288304813206196e-03
1.1285947402939200e-03
1.1285443324595690e-03
1.1285824002698064e-03
1.1285541113466024e-03
1.1283963685855269e-03
1.1281748302280903e-03
1.1279995087534189e-03
1.1279177851974964e-03
1.1278872843831778e-03
1.1278297752141953e-03
1.1277064913883805e-03
1.1275435099378228e-03
1.1273962445557117e-03
1.1272969422861934e-03
1.1272322153672576e-03
1.1271637631580234e-03
1.1270634131506085e-03
1.1269350070506334e-03
1.1268038069829345e-03
1.1266923975199461e-03
1.1266039218753576e-03
1.1265230132266879e-03
1.1264323256909847e-03
1.1263253400102258e-03
1.1262100888416171e-03
1.1260986793786287e-03
1.1259983293712139e-03
1.1259069433435798e-03
1.1258160229772329e-03
1.1257188161835074e-03
1.1256141588091850e-03
1.1255067074671388e-03
1.1254022829234600e-03
1.1253030970692635e-03
1.1252081021666527e-03
1.1251133400946856e-03
1.1250155512243509e-03
1.1249143863096833e-03
1.1248117079958320e-03
1.1247099610045552e-03
1.1246107751503587e-03
1.1245134519413114e-03
1.1244168272241950e-03
1.1243190383538604e-03
1.1242197360843420e-03
1.1241192696616054e-03
1.1240189196541905e-03
1.1239195009693503e-03
1.1238211300224066e-03
1.1237234575673938e-03
1.1236256686970592e-03
1.1235274141654372e-03
1.1234286939725280e-03
1.1233293917030096e-03
1.1232304386794567e-03
1.1231317184865475e-03
1.1230334639549255e-03
1.1229354422539473e-03
1.1228374205529690e-03
1.1227392824366689e-03
1.1226409114897251e-03
1.1225426569581032e-03
1.1224440531805158e-03
1.1223455658182502e-03
1.1222473112866282e-03
1.1221494060009718e-03
1.1220513842999935e-03
1.1219534790143371e-03
1.1218554573133588e-03
1.1217573191970587e-03
1.1216592974960804e-03
1.1215612757951021e-03
1.1214633705094457e-03
1.1213653488084674e-03
1.1212675599381328e-03
1.1211696546524763e-03
1.1210719821974635e-03
1.1209743097424507e-03
1.1208766372874379e-03
1.1207790812477469e-03
1.1206816416233778e-03
1.1205843184143305e-03
1.1204872280359268e-03
1.1203906033188105e-03
1.1202940950170159e-03
1.1201985180377960e-03
1.1201036395505071e-03
1.1200102744624019e-03
1.1199186556041241e-03
1.1198300635442138e-03
1.1197457788512111e-03
1.1196684790775180e-03
1.1196011910215020e-03
1.1195500846952200e-03
1.1195220286026597e-03
1.1195316910743713e-03
1.1195932747796178e-03
1.1197386775165796e-03
1.1199880391359329e-03
1.1203972389921546e-03
1.1209470685571432e-03
1.1216738494113088e-03
1.1223478941246867e-03
1.1228725779801607e-03
1.1227618670091033e-03
1.1220757151022553e-03
1.1208595242351294e-03
1.1197102721780539e-03
1.1190284276381135e-03
1.1189451906830072e-03
1.1192212114110589e-03
1.1194508988410234e-03
1.1193469399586320e-03
1.1187953641638160e-03
1.1180540313944221e-03
1.1174528626725078e-03
1.1172374943271279e-03
1.1173743987455964e-03
1.1176184052601457e-03
1.1177181731909513e-03
1.1175608960911632e-03
1.1172519298270345e-03
1.1169629869982600e-03
1.1168214259669185e-03
1.1168211931362748e-03
1.1168626369908452e-03
1.1168437777087092e-03
1.1167128104716539e-03
1.1165014002472162e-03
1.1162741575390100e-03
1.1160986032336950e-03
1.1159977875649929e-03
1.1159463319927454e-03
1.1158940615132451e-03
1.1157981352880597e-03
1.1156542459502816e-03
1.1154894018545747e-03
1.1153439991176128e-03
1.1152389924973249e-03
1.1151668149977922e-03
1.1151025537401438e-03
1.1150221107527614e-03
1.1149194324389100e-03
1.1148027842864394e-03
1.1146883480250835e-03
1.1145872995257378e-03
1.1145030148327351e-03
1.1144300224259496e-03
1.1143606388941407e-03
1.1142884613946080e-03
1.1142125586047769e-03
1.1141380527988076e-03
1.1140733258798718e-03
1.1140279239043593e-03
1.1140098795294762e-03
1.1140246642753482e-03
1.1140808928757906e-03
1.1141896247863770e-03
1.1143746087327600e-03
1.1146648321300745e-03
1.1151079088449478e-03
1.1157487751916051e-03
1.1166479671373963e-03
1.1178274871781468e-03
1.1192900128662586e-03
1.1208860669285059e-03
1.1223707115277648e-03
1.1232174001634121e-03
1.1229902738705277e-03
1.1213063262403011e-03
1.1185297043994069e-03
1.1154356179758906e-03
1.1130912462249398e-03
1.1121066054329276e-03
1.1124493321403861e-03
1.1135560926049948e-03
1.1146795004606247e-03
1.1152266524732113e-03
1.1149242054671049e-03
1.1139499256387353e-03
1.1127273319289088e-03
1.1117532849311829e-03
1.1113055516034365e-03
1.1113823857158422e-03
1.1117558460682631e-03
1.1121239513158798e-03
1.1122545693069696e-03
1.1120573617517948e-03
1.1116146342828870e-03
1.1110909981653094e-03
1.1106670135632157e-03
1.1104405857622623e-03
1.1104119475930929e-03
1.1104999575763941e-03
1.1105934390798211e-03
1.1106032179668546e-03
1.1104893637821078e-03
1.1102738790214062e-03
1.1100122937932611e-03
1.1097727110609412e-03
1.1096005327999592e-03
1.1095089139416814e-03
1.1094777146354318e-03
1.1094688670709729e-03
1.1094437213614583e-03
1.1093766661360860e-03
1.1092637432739139e-03
1.1091168271377683e-03
1.1089592007920146e-03
1.1088128667324781e-03
1.1086926097050309e-03
1.1086012236773968e-03
1.1085319565609097e-03
1.1084724683314562e-03
1.1084098368883133e-03
1.1083356803283095e-03
1.1082467390224338e-03
1.1081449920311570e-03
1.1080360272899270e-03
1.1079260148108006e-03
1.1078196112066507e-03
1.1077198432758451e-03
1.1076271766796708e-03
1.1075402144342661e-03
1.1074570938944817e-03
1.1073746718466282e-03
1.1072920169681311e-03
1.1072074994444847e-03
1.1071207700297236e-03
1.1070319451391697e-03
1.1069414904341102e-03
1.1068496387451887e-03
1.1067573213949800e-03
1.1066647712141275e-03
1.1065724538639188e-03
1.1064806021749973e-03
1.1063896818086505e-03
1.1062992271035910e-03
1.1062097037211061e-03
1.1061207624152303e-03
1.1060326360166073e-03
1.1059448588639498e-03
1.1058575473725796e-03
1.1057702358812094e-03
1.1056830408051610e-03
1.1055957293137908e-03
1.1055083014070988e-03
1.1054208735004067e-03
1.1053330963477492e-03
1.1052454356104136e-03
1.1051576584577560e-03
1.1050699977204204e-03
1.1049824533984065e-03
1.1048951419070363e-03
1.1048079468309879e-03
1.1047212174162269e-03
1.1046349536627531e-03
1.1045492719858885e-03
1.1044644052162766e-03
1.1043804697692394e-03
1.1042978148907423e-03
1.1042171390727162e-03
1.1041391408070922e-03
1.1040644021704793e-03
1.1039949022233486e-03
1.1039323871955276e-03
1.1038797674700618e-03
1.1038411175832152e-03
1.1038223747164011e-03
1.1038325028494000e-03
1.1038837255910039e-03
1.1039947858080268e-03
1.1041908292099833e-03
1.1045107385143638e-03
1.1050003813579679e-03
1.1057289084419608e-03
1.1067581363022327e-03
1.1081672273576260e-03
1.1099413968622684e-03
1.1120106792077422e-03
1.1139757698401809e-03
1.1153313098475337e-03
1.1152203660458326e-03
1.1133309453725815e-03
1.1098422110080719e-03
1.1060361284762621e-03
1.1032577604055405e-03
1.1023458791896701e-03
1.1031033936887980e-03
1.1046268045902252e-03
1.1058391537517309e-03
1.1059937532991171e-03
1.1050236644223332e-03
1.1034593917429447e-03
1.1021181708201766e-03
1.1015431955456734e-03
1.1017690412700176e-03
1.1023866245523095e-03
1.1028670705854893e-03
1.1028518201783299e-03
1.1023186380043626e-03
1.1015463387593627e-03
1.1009074514731765e-03
1.1006445856764913e-03
1.1007509892806411e-03
1.1010242160409689e-03
1.1012112954631448e-03
1.1011547176167369e-03
1.1008523870259523e-03
1.1004362022504210e-03
1.1000753147527575e-03
1.0998821817338467e-03
1.0998634388670325e-03
1.0999402729794383e-03
1.1000040685757995e-03
1.0999761288985610e-03
1.0998377110809088e-03
1.0996258351951838e-03
1.0994058102369308e-03
1.0992328170686960e-03
1.0991306044161320e-03
1.0990856681019068e-03
1.0990633163601160e-03
1.0990271111950278e-03
1.0989548172801733e-03
1.0988452704623342e-03
1.0987129062414169e-03
1.0985793778672814e-03
1.0984626132994890e-03
1.0983700631186366e-03
1.0982976527884603e-03
1.0982352541759610e-03
1.0981707600876689e-03
1.0980956722050905e-03
1.0980064980685711e-03
1.0979067301377654e-03
1.0978017235174775e-03
1.0976985795423388e-03
1.0976019548252225e-03
1.0975135955959558e-03
1.0974323377013206e-03
1.0973555035889149e-03
1.0972791351377964e-03
1.0972005547955632e-03
1.0971187148243189e-03
1.0970328003168106e-03
1.0969438590109348e-03
1.0968535207211971e-03
1.0967631824314594e-03
1.0966741247102618e-03
1.0965870460495353e-03
1.0965014807879925e-03
1.0964180110022426e-03
1.0963351232931018e-03
1.0962528176605701e-03
1.0961701627820730e-03
1.0960871586576104e-03
1.0960036888718605e-03
1.0959190549328923e-03
1.0958344209939241e-03
1.0957494378089905e-03
1.0956644546240568e-03
1.0955799371004105e-03
1.0954961180686951e-03
1.0954134631901979e-03
1.0953322052955627e-03
1.0952528100460768e-03
1.0951759759336710e-03
1.0951024014502764e-03
1.0950332507491112e-03
1.0949707357212901e-03
1.0949168354272842e-03
1.0948763228952885e-03
1.0948521085083485e-03
1.0948543203994632e-03
1.0948877315968275e-03
1.0949696879833937e-03
1.0951020522043109e-03
1.0953100863844156e-03
1.0955674806609750e-03
1.0958915809169412e-03
1.0961703956127167e-03
1.0963878594338894e-03
1.0963402455672622e-03
1.0960553772747517e-03
1.0954604949802160e-03
1.0947599075734615e-03
1.0941011132672429e-03
1.0936579201370478e-03
1.0934835299849510e-03
1.0935422033071518e-03
1.0937327751889825e-03
1.0939313797280192e-03
1.0940539650619030e-03
1.0940275387838483e-03
1.0938916821032763e-03
1.0936956387013197e-03
1.0935718892142177e-03
1.0936048347502947e-03
1.0938452323898673e-03
1.0942745720967650e-03
1.0948196286335588e-03
1.0954368626698852e-03
1.0960493236780167e-03
1.0966836707666516e-03
1.0972708696499467e-03
1.0977936908602715e-03
1.0980856604874134e-03
1.0979747166857123e-03
1.0973177850246429e-03
1.0960813378915191e-03
1.0944892419502139e-03
1.0928836418315768e-03
1.0916271712630987e-03
1.0909325210377574e-03
1.0908064432442188e-03
1.0910980636253953e-03
1.0915785096585751e-03
1.0920203058049083e-03
1.0922471992671490e-03
1.0921626817435026e-03
1.0917885228991508e-03
1.0912148281931877e-03
1.0906016686931252e-03
1.0900822235271335e-03
1.0897396132349968e-03
1.0895821033045650e-03
1.0895638260990381e-03
1.0896145831793547e-03
1.0896687163040042e-03
1.0896805906668305e-03
1.0896252933889627e-03
1.0895000305026770e-03
1.0893173748627305e-03
1.0891004931181669e-03
1.0888760443776846e-03
1.0886676609516144e-03
1.0884891962632537e-03
1.0883448412641883e-03
1.0882308706641197e-03
1.0881399502977729e-03
1.0880643967539072e-03
1.0879967594519258e-03
1.0879312176257372e-03
1.0878624161705375e-03
1.0877856984734535e-03
1.0876976884901524e-03
1.0875987354665995e-03
1.0874894214794040e-03
1.0873731225728989e-03
1.0872528655454516e-03
1.0871319100260735e-03
1.0870124679058790e-03
1.0868959361687303e-03
1.0867841774597764e-03
1.0866775410249829e-03
1.0865760268643498e-03
1.0864791693165898e-03
1.0863862698897719e-03
1.0862958151847124e-03
1.0862068738788366e-03
1.0861187474802136e-03
1.0860313195735216e-03
1.0859441244974732e-03
1.0858571622520685e-03
1.0857706656679511e-03
1.0856849839910865e-03
1.0856000008061528e-03
1.0855162981897593e-03
1.0854342253878713e-03
1.0853547137230635e-03
1.0852781124413013e-03
1.0852055856958032e-03
1.0851387633010745e-03
1.0850793914869428e-03
1.0850301478058100e-03
1.0849952232092619e-03
1.0849799728021026e-03
1.0849930113181472e-03
1.0850452817976475e-03
1.0851541301235557e-03
1.0853412095457315e-03
1.0856400476768613e-03
1.0860882466658950e-03
1.0867435485124588e-03
1.0876529850065708e-03
1.0888797696679831e-03
1.0904046939685941e-03
1.0921751381829381e-03
1.0938746854662895e-03
1.0951242875307798e-03
1.0952356969937682e-03
1.0939175263047218e-03
1.0911627905443311e-03
1.0878753382712603e-03
1.0851089609786868e-03
1.0837299050763249e-03
1.0838259477168322e-03
1.0848711244761944e-03
1.0860397014766932e-03
1.0866101365536451e-03
1.0862724157050252e-03
1.0851772967725992e-03
1.0838696034625173e-03
1.0829080129042268e-03
1.0825981153175235e-03
1.0828594677150249e-03
1.0833594715222716e-03
1.0837099980562925e-03
1.0836705332621932e-03
1.0832314146682620e-03
1.0825851932168007e-03
1.0820035822689533e-03
1.0816827416419983e-03
1.0816620197147131e-03
1.0818333830684423e-03
1.0820236057043076e-03
1.0820836760103703e-03
1.0819534072652459e-03
1.0816685389727354e-03
1.0813300032168627e-03
1.0810436215251684e-03
1.0808731894940138e-03
1.0808218503370881e-03
1.0808436200022697e-03
1.0808738879859447e-03
1.0808593360707164e-03
1.0807758662849665e-03
1.0806316277012229e-03
1.0804570047184825e-03
1.0802869219332933e-03
1.0801479220390320e-03
1.0800493182614446e-03
1.0799845913425088e-03
1.0799368610605597e-03
1.0798879666253924e-03
1.0798240546137094e-03
1.0797395370900631e-03
1.0796372080221772e-03
1.0795247508212924e-03
1.0794113622978330e-03
1.0793051915243268e-03
1.0792097309604287e-03
1.0791259119287133e-03
1.0790502419695258e-03
1.0789787629619241e-03
1.0789070511236787e-03
1.0788316139951348e-03
1.0787510545924306e-03
1.0786654893308878e-03
1.0785755002871156e-03
1.0784831829369068e-03
1.0783901670947671e-03
1.0782985482364893e-03
1.0782086756080389e-03
1.0781212477013469e-03
1.0780361481010914e-03
1.0779533768072724e-03
1.0778716532513499e-03
1.0777905117720366e-03
1.0777099523693323e-03
1.0776288108900189e-03
1.0775473201647401e-03
1.0774653637781739e-03
1.0773827088996768e-03
1.0773000540211797e-03
1.0772169334813952e-03
1.0771339293569326e-03
1.0770510416477919e-03
1.0769688524305820e-03
1.0768877109512687e-03
1.0768078500404954e-03
1.0767298517748713e-03
1.0766544146463275e-03
1.0765830520540476e-03
1.0765166953206062e-03
1.0764584876596928e-03
1.0764107573777437e-03
1.0763800237327814e-03
1.0763710597530007e-03
1.0763965547084808e-03
1.0764646576717496e-03
1.0765999322757125e-03
1.0768048232421279e-03
1.0771150700747967e-03
1.0774878319352865e-03
1.0779409203678370e-03
1.0782961035147309e-03
1.0785261401906610e-03
1.0783651378005743e-03
1.0779134463518858e-03
1.0771965608000755e-03
1.0765485931187868e-03
1.0761899175122380e-03
1.0762742022052407e-03
1.0767761850729585e-03
1.0775913251563907e-03
1.0785801568999887e-03
1.0795635171234608e-03
1.0805061319842935e-03
1.0812281398102641e-03
1.0818148730322719e-03
1.0821552714332938e-03
1.0821890318766236e-03
1.0817691218107939e-03
1.0806032223626971e-03
1.0788291692733765e-03
1.0766991181299090e-03
1.0748909553512931e-03
1.0738945566117764e-03
1.0738517157733440e-03
1.0744859464466572e-03
1.0753179667517543e-03
1.0759381111711264e-03
1.0760835139080882e-03
1.0757524287328124e-03
1.0750590590760112e-03
1.0742413578554988e-03
1.0735398391261697e-03
1.0731159709393978e-03
1.0730045614764094e-03
1.0731117799878120e-03
1.0732903610914946e-03
1.0734146926552057e-03
1.0734320385381579e-03
1.0733443778008223e-03
1.0731724323704839e-03
1.0729345958679914e-03
1.0726589243859053e-03
1.0723858140408993e-03
1.0721684666350484e-03
1.0720426216721535e-03
1.0720078134909272e-03
1.0720283025875688e-03
1.0720532154664397e-03
1.0720452992245555e-03
1.0719876736402512e-03
1.0718851117417216e-03
1.0717518161982298e-03
1.0716037359088659e-03
1.0714578675106168e-03
1.0713263181969523e-03
1.0712168877944350e-03
1.0711291106417775e-03
1.0710565838962793e-03
1.0709918569773436e-03
1.0709294583648443e-03
1.0708682239055634e-03
1.0708073386922479e-03
1.0707455221563578e-03
1.0706793982535601e-03
1.0706059401854873e-03
1.0705239837989211e-03
1.0704357409849763e-03
1.0703444713726640e-03
1.0702533181756735e-03
1.0701640276238322e-03
1.0700770653784275e-03
1.0699921986088157e-03
1.0699095437303185e-03
1.0698287514969707e-03
1.0697497054934502e-03
1.0696715908125043e-03
1.0695941746234894e-03
1.0695172240957618e-03
1.0694406228139997e-03
1.0693651856854558e-03
1.0692905634641647e-03
1.0692166397348046e-03
1.0691431816667318e-03
1.0690697235986590e-03
1.0689962655305862e-03
1.0689232731238008e-03
1.0688505135476589e-03
1.0687786852940917e-03
1.0687077883630991e-03
1.0686386376619339e-03
1.0685715824365616e-03
1.0685073211789131e-03
1.0684471344575286e-03
1.0683927685022354e-03
1.0683462023735046e-03
1.0683108121156693e-03
1.0682914871722460e-03
1.0682949796319008e-03
1.0683317668735981e-03
1.0684160515666008e-03
1.0685701854526997e-03
1.0688237380236387e-03
1.0692212963476777e-03
1.0698166443035007e-03
1.0706854518502951e-03
1.0718943085521460e-03
1.0735106188803911e-03
1.0754825780168176e-03
1.0776538401842117e-03
1.0794968111440539e-03
1.0803802870213985e-03
1.0794708505272865e-03
1.0767136700451374e-03
1.0727600893005729e-03
1.0691646020859480e-03
1.0671871714293957e-03
1.0672054486349225e-03
1.0685750748962164e-03
1.0701614664867520e-03
1.0709560010582209e-03
1.0704869637265801e-03
1.0690693743526936e-03
1.0674671502783895e-03
1.0664685396477580e-03
1.0663737775757909e-03
1.0669390903785825e-03
1.0676061501726508e-03
1.0678743710741401e-03
1.0675525991246104e-03
1.0668070754036307e-03
1.0660300031304359e-03
1.0655665537342429e-03
1.0655345395207405e-03
1.0657981038093567e-03
1.0660927509889007e-03
1.0661876294761896e-03
1.0660028783604503e-03
1.0656187077984214e-03
1.0652088094502687e-03
1.0649287141859531e-03
1.0648397728800774e-03
1.0648970492184162e-03
1.0649939067661762e-03
1.0650291806086898e-03
1.0649524629116058e-03
1.0647783055901527e-03
1.0645639849826694e-03
1.0643751593306661e-03
1.0642523411661386e-03
1.0641978587955236e-03
1.0641835397109389e-03
1.0641700355336070e-03
1.0641261469572783e-03
1.0640415130183101e-03
1.0639245156198740e-03
1.0637963423505425e-03
1.0636785300448537e-03
1.0635842336341739e-03
1.0635149665176868e-03
1.0634625796228647e-03
1.0634147329255939e-03
1.0633599013090134e-03
1.0632915655151010e-03
1.0632094927132130e-03
1.0631181066855788e-03
1.0630240431055427e-03
1.0629335884004831e-03
1.0628503514453769e-03
1.0627753799781203e-03
1.0627064621075988e-03
1.0626408038660884e-03
1.0625750292092562e-03
1.0625066934153438e-03
1.0624343995004892e-03
1.0623588459566236e-03
1.0622807312756777e-03
1.0622015688568354e-03
1.0621222900226712e-03
1.0620447574183345e-03
1.0619687382131815e-03
1.0618948144838214e-03
1.0618225205689669e-03
1.0617509251460433e-03
1.0616800282150507e-03
1.0616088984534144e-03
1.0615374194458127e-03
1.0614651255309582e-03
1.0613923659548163e-03
1.0613189078867435e-03
1.0612452169880271e-03
1.0611714096739888e-03
1.0610978351905942e-03
1.0610247263684869e-03
1.0609521996229887e-03
1.0608806042000651e-03
1.0608106385916471e-03
1.0607426520437002e-03
1.0606772266328335e-03
1.0606158757582307e-03
1.0605605784803629e-03
1.0605141287669539e-03
1.0604814160615206e-03
1.0604687267914414e-03
1.0604882845655084e-03
1.0605532443150878e-03
1.0606911964714527e-03
1.0609227465465665e-03
1.0613024933263659e-03
1.0618277592584491e-03
1.0625594295561314e-03
1.0633288184180856e-03
1.0640993714332581e-03
1.0643978603184223e-03
1.0642460547387600e-03
1.0635071666911244e-03
1.0627571027725935e-03
1.0623979615047574e-03
1.0627291630953550e-03
1.0635767830535769e-03
1.0645651491358876e-03
1.0652540950104594e-03
1.0651899501681328e-03
1.0644217254593968e-03
1.0630749166011810e-03
1.0617577936500311e-03
1.0608294978737831e-03
1.0603164555504918e-03
1.0599627858027816e-03
1.0594923514872789e-03
1.0589561425149441e-03
1.0585997952148318e-03
1.0586364660412073e-03
1.0590020101517439e-03
1.0594157502055168e-03
1.0596225038170815e-03
1.0595154017210007e-03
1.0592032922431827e-03
1.0588271543383598e-03
1.0584997944533825e-03
1.0582486866042018e-03
1.0580485686659813e-03
1.0578719666227698e-03
1.0576961794868112e-03
1.0575313353911042e-03
1.0574047919362783e-03
1.0573505423963070e-03
1.0573707986623049e-03
1.0574229527264833e-03
1.0574454208835959e-03
1.0574001353234053e-03
1.0572962928563356e-03
1.0571762686595321e-03
1.0570746380835772e-03
1.0569951264187694e-03
1.0569160804152489e-03
1.0568179422989488e-03
1.0566974524408579e-03
1.0565699776634574e-03
1.0564522817730904e-03
1.0563523974269629e-03
1.0562682291492820e-03
1.0561929084360600e-03
1.0561202652752399e-03
1.0560463415458798e-03
1.0559692746028304e-03
1.0558909270912409e-03
1.0558146750554442e-03
1.0557440109550953e-03
1.0556799825280905e-03
1.0556203778833151e-03
1.0555594926699996e-03
1.0554953478276730e-03
1.0554277105256915e-03
1.0553601896390319e-03
1.0552962776273489e-03
1.0552377207204700e-03
1.0551839368417859e-03
1.0551345767453313e-03
1.0550897568464279e-03
1.0550512233749032e-03
1.0550231672823429e-03
1.0550098959356546e-03
1.0550189763307571e-03
1.0550590232014656e-03
1.0551435407251120e-03
1.0552899911999702e-03
1.0555242188274860e-03
1.0558785870671272e-03
1.0564010590314865e-03
1.0571398306638002e-03
1.0581630049273372e-03
1.0594958439469337e-03
1.0611501056700945e-03
1.0629580356180668e-03
1.0646590963006020e-03
1.0656515369191766e-03
1.0654454817995429e-03
1.0635964572429657e-03
1.0605186689645052e-03
1.0570938466116786e-03
1.0545355034992099e-03
1.0535262990742922e-03
1.0540065122768283e-03
1.0553139727562666e-03
1.0565879056230187e-03
1.0571678867563605e-03
1.0567751014605165e-03
1.0556599590927362e-03
1.0543331736698747e-03
1.0533506283536553e-03
1.0529808932915330e-03
1.0531671578064561e-03
1.0536191985011101e-03
1.0540010407567024e-03
1.0540896328166127e-03
1.0538345668464899e-03
1.0533622698858380e-03
1.0528619168326259e-03
1.0525038233026862e-03
1.0523498058319092e-03
1.0523670352995396e-03
1.0524594690650702e-03
1.0525268735364079e-03
1.0525065008550882e-03
1.0523860109969974e-03
1.0521989315748215e-03
1.0519934585317969e-03
1.0518160415813327e-03
1.0516883339732885e-03
1.0516126640141010e-03
1.0515731992200017e-03
1.0515474714338779e-03
1.0515146423131227e-03
1.0514608584344387e-03
1.0513827437534928e-03
1.0512835578992963e-03
1.0511737782508135e-03
1.0510630672797561e-03
1.0509621351957321e-03
1.0508752893656492e-03
1.0508047416806221e-03
1.0507463011890650e-03
1.0506947292014956e-03
1.0506435064598918e-03
1.0505865793675184e-03
1.0505211539566517e-03
1.0504465317353606e-03
1.0503646917641163e-03
1.0502795921638608e-03
1.0501950746402144e-03
1.0501139331609011e-03
1.0500386124476790e-03
1.0499692289158702e-03
1.0499048512428999e-03
1.0498435003682971e-03
1.0497831972315907e-03
1.0497220791876316e-03
1.0496586328372359e-03
1.0495923925191164e-03
1.0495237074792385e-03
1.0494529269635677e-03
1.0493805166333914e-03
1.0493081063032150e-03
1.0492354631423950e-03
1.0491639841347933e-03
1.0490933200344443e-03
1.0490237036719918e-03
1.0489550186321139e-03
1.0488871484994888e-03
1.0488197440281510e-03
1.0487528052181005e-03
1.0486859828233719e-03
1.0486190440133214e-03
1.0485521052032709e-03
1.0484850499778986e-03
1.0484178783372045e-03
1.0483505902811885e-03
1.0482833022251725e-03
1.0482161305844784e-03
1.0481490753591061e-03
1.0480822529643774e-03
1.0480155469849706e-03
1.0479493066668510e-03
1.0478831827640533e-03
1.0478177573531866e-03
1.0477531468495727e-03
1.0476894676685333e-03
1.0476271854713559e-03
1.0475663002580404e-03
1.0475084418430924e-03
1.0474540758877993e-03
1.0474049486219883e-03
1.0473631555214524e-03
1.0473320726305246e-03
1.0473165893927217e-03
1.0473241563886404e-03
1.0473647853359580e-03
1.0474555892869830e-03
1.0476183379068971e-03
1.0478902840986848e-03
1.0483164805918932e-03
1.0489741107448936e-03
1.0499430354684591e-03
1.0513535235077143e-03
1.0532705346122384e-03
1.0557848727330565e-03
1.0586299467831850e-03
1.0614354396238923e-03
1.0630268370732665e-03
1.0625441791489720e-03
1.0591596364974976e-03
1.0539562208577991e-03
1.0488984407857060e-03
1.0461285710334778e-03
1.0463122744113207e-03
1.0485053062438965e-03
1.0509416460990906e-03
1.0519827483221889e-03
1.0510734282433987e-03
1.0487668914720416e-03
1.0464886436238885e-03
1.0453981813043356e-03
1.0457523167133331e-03
1.0469025000929832e-03
1.0478578042238951e-03
1.0479571064934134e-03
1.0471448767930269e-03
1.0459708282724023e-03
1.0451006237417459e-03
1.0449042310938239e-03
1.0452698916196823e-03
1.0457700118422508e-03
1.0459927143529058e-03
1.0457662865519524e-03
1.0452400892972946e-03
1.0447097010910511e-03
1.0444235522300005e-03
1.0444362415000796e-03
1.0446173837408423e-03
1.0447689564898610e-03
1.0447488166391850e-03
1.0445493971928954e-03
1.0442639468237758e-03
1.0440192418172956e-03
1.0438939789310098e-03
1.0438859462738037e-03
1.0439306497573853e-03
1.0439490433782339e-03
1.0438943281769753e-03
1.0437672026455402e-03
1.0436081793159246e-03
1.0434654541313648e-03
1.0433702263981104e-03
1.0433234274387360e-03
1.0433024726808071e-03
1.0432774433866143e-03
1.0432264534756541e-03
1.0431451955810189e-03
1.0430441470816731e-03
1.0429414687678218e-03
1.0428525274619460e-03
1.0427833767607808e-03
1.0427304077893496e-03
1.0426843073219061e-03
1.0426344815641642e-03
1.0425742948427796e-03
1.0425031650811434e-03
1.0424243519082665e-03
1.0423441417515278e-03
1.0422676568850875e-03
1.0421981569379568e-03
1.0421354090794921e-03
1.0420768521726131e-03
1.0420194594189525e-03
1.0419598547741771e-03
1.0418969905003905e-03
1.0418301681056619e-03
1.0417606681585312e-03
1.0416902368888259e-03
1.0416203876957297e-03
1.0415526339784265e-03
1.0414868593215942e-03
1.0414228308945894e-03
1.0413601994514465e-03
1.0412976844236255e-03
1.0412348201498389e-03
1.0411713737994432e-03
1.0411066468805075e-03
1.0410412214696407e-03
1.0409753303974867e-03
1.0409090900793672e-03
1.0408429661765695e-03
1.0407770751044154e-03
1.0407115332782269e-03
1.0406464571133256e-03
1.0405817301943898e-03
1.0405173525214195e-03
1.0404528584331274e-03
1.0403885971754789e-03
1.0403244523331523e-03
1.0402598418295383e-03
1.0401953477412462e-03
1.0401306208223104e-03
1.0400657774880528e-03
1.0400010505691171e-03
1.0399359744042158e-03
1.0398708982393146e-03
1.0398060549050570e-03
1.0397412115707994e-03
1.0396763682365417e-03
1.0396114084869623e-03
1.0395466815680265e-03
1.0394824203103781e-03
1.0394183918833733e-03
1.0393543634563684e-03
1.0392911499366164e-03
1.0392285184934735e-03
1.0391671676188707e-03
1.0391074465587735e-03
1.0390499373897910e-03
1.0389963863417506e-03
1.0389485396444798e-03
1.0389095405116677e-03
1.0388841619715095e-03
1.0388807859271765e-03
1.0389105882495642e-03
1.0389942908659577e-03
1.0391598334535956e-03
1.0394589044153690e-03
1.0399525053799152e-03
1.0407590307295322e-03
1.0419714963063598e-03
1.0437901364639401e-03
1.0461568599566817e-03
1.0491299908608198e-03
1.0518778581172228e-03
1.0539257200434804e-03
1.0539240902289748e-03
1.0519915958866477e-03
1.0486444225534797e-03
1.0452636051923037e-03
1.0430107358843088e-03
1.0418095625936985e-03
1.0411416878923774e-03
1.0403950000181794e-03
1.0401405161246657e-03
1.0407764930278063e-03
1.0418278397992253e-03
1.0421846527606249e-03
1.0409486712887883e-03
1.0388179216533899e-03
1.0372308315709233e-03
1.0372345568612218e-03
1.0383786866441369e-03
1.0393380653113127e-03
1.0392836993560195e-03
1.0383852059021592e-03
1.0375296697020531e-03
1.0372066171839833e-03
1.0372230317443609e-03
1.0371815878897905e-03
1.0369807714596391e-03
1.0368740186095238e-03
1.0369977680966258e-03
1.0371558601036668e-03
1.0370498057454824e-03
1.0366321075707674e-03
1.0361871682107449e-03
1.0360043961554766e-03
1.0361020686104894e-03
1.0362575994804502e-03
1.0362651664763689e-03
1.0361219756305218e-03
1.0359556181356311e-03
1.0358530562371016e-03
1.0357847204431891e-03
1.0356808779761195e-03
1.0355400154367089e-03
1.0354261612519622e-03
1.0353905381634831e-03
1.0354077676311135e-03
1.0354052064940333e-03
1.0353366378694773e-03
1.0352180106565356e-03
1.0351011296734214e-03
1.0350171942263842e-03
1.0349589865654707e-03
1.0349006624892354e-03
1.0348308132961392e-03
1.0347608476877213e-03
1.0347048519179225e-03
1.0346632916480303e-03
1.0346201015636325e-03
1.0345604969188571e-03
1.0344837792217731e-03
1.0344022884964943e-03
1.0343287140130997e-03
1.0342660825699568e-03
1.0342077584937215e-03
1.0341471061110497e-03
1.0340827284380794e-03
1.0340197477489710e-03
1.0339615400880575e-03
1.0339075233787298e-03
1.0338530410081148e-03
1.0337936691939831e-03
1.0337298735976219e-03
1.0336646810173988e-03
1.0336010018363595e-03
1.0335396509617567e-03
1.0334786493331194e-03
1.0334168327972293e-03
1.0333537356927991e-03
1.0332906385883689e-03
1.0332287056371570e-03
1.0331686353310943e-03
1.0331094963476062e-03
1.0330500081181526e-03
1.0329898213967681e-03
1.0329290525987744e-03
1.0328684002161026e-03
1.0328083299100399e-03
1.0327488416805863e-03
1.0326891206204891e-03
1.0326292831450701e-03
1.0325688635930419e-03
1.0325082112103701e-03
1.0324477916583419e-03
1.0323877213522792e-03
1.0323278838768601e-03
1.0322682792320848e-03
1.0322086745873094e-03
1.0321488371118903e-03
1.0320896981284022e-03
1.0320307919755578e-03
1.0319727007299662e-03
1.0319156572222710e-03
1.0318595450371504e-03
1.0318052954971790e-03
1.0317527921870351e-03
1.0317035485059023e-03
1.0316588450223207e-03
1.0316207772120833e-03
1.0315915569663048e-03
1.0315753752365708e-03
1.0315785184502602e-03
1.0316094849258661e-03
1.0316820116713643e-03
1.0318156564608216e-03
1.0320403380319476e-03
1.0323965689167380e-03
1.0329474462196231e-03
1.0337664280086756e-03
1.0349632939323783e-03
1.0366180213168263e-03
1.0388189693912864e-03
1.0414165444672108e-03
1.0441211052238941e-03
1.0460093617439270e-03
1.0462140198796988e-03
1.0437876917421818e-03
1.0393275879323483e-03
1.0343807516619563e-03
1.0310788638889790e-03
1.0304346214979887e-03
1.0319774737581611e-03
1.0342493187636137e-03
1.0356900747865438e-03
1.0354911210015416e-03
1.0337959975004196e-03
1.0316829429939389e-03
1.0302495211362839e-03
1.0300247231498361e-03
1.0307274060323834e-03
1.0316290426999331e-03
1.0320654837414622e-03
1.0317612905055285e-03
1.0309456847608089e-03
1.0300785070285201e-03
1.0295739630237222e-03
1.0295414831489325e-03
1.0298116831108928e-03
1.0300913127139211e-03
1.0301542934030294e-03
1.0299528948962688e-03
1.0295887477695942e-03
1.0292367078363895e-03
1.0290184291079640e-03
1.0289647616446018e-03
1.0290141217410564e-03
1.0290725622326136e-03
1.0290668578818440e-03
1.0289722122251987e-03
1.0288137709721923e-03
1.0286375181749463e-03
1.0284918826073408e-03
1.0283989831805229e-03
1.0283570736646652e-03
1.0283422889187932e-03
1.0283248266205192e-03
1.0282826842740178e-03
1.0282067814841866e-03
1.0281057329848409e-03
1.0279956040903926e-03
1.0278958361595869e-03
1.0278180707246065e-03
1.0277637047693133e-03
1.0277247056365013e-03
1.0276887333020568e-03
1.0276440298184752e-03
1.0275839595124125e-03
1.0275095701217651e-03
1.0274269152432680e-03
1.0273450752720237e-03
1.0272706858813763e-03
1.0272073559463024e-03
1.0271534556522965e-03
1.0271051432937384e-03
1.0270565981045365e-03
1.0270036291331053e-03
1.0269443737342954e-03
1.0268794139847159e-03
1.0268111946061254e-03
1.0267421603202820e-03
1.0266754543408751e-03
1.0266121244058013e-03
1.0265525197610259e-03
1.0264955926686525e-03
1.0264399461448193e-03
1.0263841832056642e-03
1.0263269068673253e-03
1.0262684663757682e-03
1.0262082796543837e-03
1.0261468123644590e-03
1.0260848794132471e-03
1.0260230628773570e-03
1.0259617120027542e-03
1.0259005939587951e-03
1.0258404072374105e-03
1.0257806861773133e-03
1.0257214307785034e-03
1.0256620589643717e-03
1.0256029199808836e-03
1.0255436645820737e-03
1.0254844091832638e-03
1.0254251537844539e-03
1.0253657819703221e-03
1.0253061773255467e-03
1.0252468055114150e-03
1.0251870844513178e-03
1.0251275962218642e-03
1.0250679915770888e-03
1.0250083869323134e-03
1.0249487822875381e-03
1.0248890612274408e-03
1.0248293401673436e-03
1.0247696191072464e-03
1.0247100144624710e-03
1.0246502934023738e-03
1.0245905723422766e-03
1.0245310841128230e-03
1.0244714794680476e-03
1.0244119912385941e-03
1.0243526194244623e-03
1.0242935968562961e-03
1.0242344578728080e-03
1.0241759009659290e-03
1.0241174604743719e-03
1.0240597184747458e-03
1.0240026749670506e-03
1.0239467956125736e-03
1.0238925460726023e-03
1.0238403920084238e-03
1.0237912647426128e-03
1.0237473761662841e-03
1.0237101232632995e-03
1.0236833477392793e-03
1.0236719390377402e-03
1.0236840462312102e-03
1.0237311944365501e-03
1.0238330578431487e-03
1.0240159463137388e-03
1.0243261931464076e-03
1.0248229373246431e-03
1.0256096720695496e-03
1.0267988545820117e-03
1.0285852476954460e-03
1.0310704819858074e-03
1.0344201000407338e-03
1.0382245527580380e-03
1.0419428581371903e-03
1.0437141172587872e-03
1.0423668427392840e-03
1.0370438685640693e-03
1.0299684945493937e-03
1.0243493597954512e-03
1.0226588929072022e-03
1.0246990714222193e-03
1.0281312279403210e-03
1.0303014423698187e-03
1.0295987594872713e-03
1.0267107281833887e-03
1.0236233938485384e-03
1.0222514392808080e-03
1.0229501640424132e-03
1.0245727607980371e-03
1.0256174718961120e-03
1.0252374922856688e-03
1.0238323593512177e-03
1.0224262950941920e-03
1.0218737879768014e-03
1.0222394485026598e-03
1.0229130275547504e-03
1.0232252534478903e-03
1.0228977771475911e-03
1.0222118580713868e-03
1.0216378141194582e-03
1.0214677313342690e-03
1.0216363007202744e-03
1.0218460811302066e-03
1.0218573734164238e-03
1.0216266382485628e-03
1.0213116183876991e-03
1.0210903128609061e-03
1.0210305918008089e-03
1.0210678447037935e-03
1.0210805339738727e-03
1.0210041655227542e-03
1.0208543390035629e-03
1.0207055602222681e-03
1.0206128936260939e-03
1.0205776197835803e-03
1.0205586440861225e-03
1.0205085854977369e-03
1.0204163845628500e-03
1.0203039273619652e-03
1.0202084667980671e-03
1.0201496770605445e-03
1.0201188270002604e-03
1.0200893739238381e-03
1.0200359392911196e-03
1.0199549142271280e-03
1.0198599193245173e-03
1.0197734227403998e-03
1.0197097435593605e-03
1.0196677176281810e-03
1.0196337243542075e-03
1.0195911163464189e-03
1.0195316281169653e-03
1.0194571223109961e-03
1.0193781927227974e-03
1.0193058988079429e-03
1.0192461777478456e-03
1.0191971668973565e-03
1.0191523469984531e-03
1.0191043838858604e-03
1.0190487373620272e-03
1.0189862223342061e-03
1.0189198656007648e-03
1.0188547894358635e-03
1.0187939042225480e-03
1.0187375592067838e-03
1.0186842409893870e-03
1.0186313884332776e-03
1.0185766732320189e-03
1.0185199789702892e-03
1.0184613056480885e-03
1.0184017010033131e-03
1.0183427948504686e-03
1.0182848200201988e-03
1.0182281257584691e-03
1.0181718971580267e-03
1.0181156685575843e-03
1.0180590907111764e-03
1.0180018143728375e-03
1.0179440723732114e-03
1.0178864467889071e-03
1.0178289376199245e-03
1.0177717776969075e-03
1.0177150834351778e-03
1.0176586220040917e-03
1.0176023934036493e-03
1.0175455827265978e-03
1.0174888884648681e-03
1.0174316121265292e-03
1.0173743357881904e-03
1.0173169430345297e-03
1.0172594338655472e-03
1.0172020411118865e-03
1.0171447647735476e-03
1.0170876048505306e-03
1.0170306777581573e-03
1.0169737506657839e-03
1.0169169399887323e-03
1.0168597800657153e-03
1.0168027365580201e-03
1.0167456930503249e-03
1.0166886495426297e-03
1.0166312567889690e-03
1.0165743296965957e-03
1.0165169369429350e-03
1.0164597770199180e-03
1.0164026170969009e-03
1.0163453407585621e-03
1.0162882972508669e-03
1.0162310209125280e-03
1.0161738609895110e-03
1.0161167010664940e-03
1.0160595411434770e-03
1.0160026140511036e-03
1.0159454541280866e-03
1.0158884106203914e-03
1.0158314835280180e-03
1.0157744400203228e-03
1.0157176293432713e-03
1.0156611679121852e-03
1.0156049393117428e-03
1.0155492927879095e-03
1.0154942283406854e-03
1.0154404444620013e-03
1.0153885232284665e-03
1.0153395123779774e-03
1.0152945760637522e-03
1.0152565082535148e-03
1.0152293834835291e-03
1.0152192553505301e-03
1.0152369504794478e-03
1.0152986506000161e-03
1.0154326446354389e-03
1.0156818898394704e-03
1.0161210084334016e-03
1.0168557055294514e-03
1.0180671233683825e-03
1.0199700482189655e-03
1.0228852042928338e-03
1.0269248159602284e-03
1.0320158908143640e-03
1.0367973009124398e-03
1.0392181575298309e-03
1.0364931076765060e-03
1.0287308832630515e-03
1.0198502568528056e-03
1.0149625595659018e-03
1.0160459205508232e-03
1.0204706341028214e-03
1.0238060494884849e-03
1.0229839244857430e-03
1.0189148597419262e-03
1.0152145987376571e-03
1.0146041167899966e-03
1.0166066931560636e-03
1.0184303391724825e-03
1.0181199759244919e-03
1.0160360252484679e-03
1.0143115650862455e-03
1.0142843239009380e-03
1.0153170442208648e-03
1.0159066878259182e-03
1.0152379982173443e-03
1.0140906088054180e-03
1.0135548654943705e-03
1.0139020159840584e-03
1.0144519619643688e-03
1.0143957333639264e-03
1.0137498611584306e-03
1.0131112067028880e-03
1.0130264563485980e-03
1.0133897885680199e-03
1.0136449709534645e-03
1.0134443873539567e-03
1.0129348374903202e-03
1.0125925764441490e-03
1.0126449633389711e-03
1.0128803551197052e-03
1.0129431029781699e-03
1.0127149289473891e-03
1.0124128311872482e-03
1.0122798848897219e-03
1.0123363463208079e-03
1.0124072432518005e-03
1.0123443789780140e-03
1.0121755767613649e-03
1.0120270308107138e-03
1.0119784856215119e-03
1.0119932703673840e-03
1.0119818616658449e-03
1.0118992067873478e-03
1.0117755737155676e-03
1.0116770863533020e-03
1.0116361081600189e-03
1.0116273770108819e-03
1.0115995537489653e-03
1.0115270270034671e-03
1.0114308679476380e-03
1.0113503085449338e-03
1.0113036260008812e-03
1.0112742893397808e-03
1.0112329619005322e-03
1.0111691663041711e-03
1.0110952425748110e-03
1.0110299335792661e-03
1.0109805734828115e-03
1.0109378490597010e-03
1.0108894202858210e-03
1.0108302813023329e-03
1.0107659036293626e-03
1.0107047855854034e-03
1.0106514673680067e-03
1.0106036206707358e-03
1.0105553083121777e-03
1.0105015244334936e-03
1.0104425018653274e-03
1.0103833628818393e-03
1.0103272506967187e-03
1.0102750966325402e-03
1.0102243395522237e-03
1.0101717198267579e-03
1.0101161897182465e-03
1.0100594954565167e-03
1.0100039653480053e-03
1.0099502978846431e-03
1.0098977945744991e-03
1.0098450584337115e-03
1.0097913909703493e-03
1.0097362101078033e-03
1.0096810292452574e-03
1.0096260812133551e-03
1.0095719480887055e-03
1.0095185134559870e-03
1.0094651952385902e-03
1.0094112949445844e-03
1.0093566961586475e-03
1.0093020973727107e-03
1.0092476150020957e-03
1.0091934818774462e-03
1.0091399308294058e-03
1.0090860305353999e-03
1.0090320138260722e-03
1.0089777642861009e-03
1.0089233983308077e-03
1.0088690323755145e-03
1.0088146664202213e-03
1.0087605332955718e-03
1.0087065165862441e-03
1.0086523834615946e-03
1.0085983667522669e-03
1.0085438843816519e-03
1.0084895184263587e-03
1.0084351524710655e-03
1.0083807865157723e-03
1.0083265369758010e-03
1.0082724038511515e-03
1.0082181543111801e-03
1.0081636719405651e-03
1.0081096552312374e-03
1.0080551728606224e-03
1.0080005740746856e-03
1.0079463245347142e-03
1.0078919585794210e-03
1.0078374762088060e-03
1.0077832266688347e-03
1.0077288607135415e-03
1.0076746111735702e-03
1.0076201288029552e-03
1.0075659956783056e-03
1.0075116297230124e-03
1.0074574965983629e-03
1.0074033634737134e-03
1.0073496960103512e-03
1.0072960285469890e-03
1.0072429431602359e-03
1.0071905562654138e-03
1.0071393335238099e-03
1.0070895077660680e-03
1.0070423595607281e-03
1.0069991694763303e-03
1.0069622658193111e-03
1.0069353738799691e-03
1.0069245472550392e-03
1.0069394484162331e-03
1.0069970740005374e-03
1.0071219876408577e-03
1.0073604062199593e-03
1.0077784536406398e-03
1.0084984824061394e-03
1.0096816113218665e-03
1.0116249322891235e-03
1.0146070271730423e-03
1.0191085748374462e-03
1.0249229380860925e-03
1.0316718835383654e-03
1.0361659806221724e-03
1.0358392028138041e-03
1.0276761604472995e-03
1.0159189114347100e-03
1.0073218727484345e-03
1.0066740214824677e-03
1.0121731320396066e-03
1.0177335934713483e-03
1.0183556005358696e-03
1.0133935138583183e-03
1.0075796162709594e-03
1.0056470055133104e-03
1.0081114014610648e-03
1.0114967590197921e-03
1.0120876831933856e-03
1.0094932513311505e-03
1.0063144145533442e-03
1.0053440928459167e-03
1.0067693656310439e-03
1.0084961540997028e-03
1.0085877729579806e-03
1.0070065036416054e-03
1.0053841397166252e-03
1.0050787823274732e-03
1.0059423511847854e-03
1.0067558614537120e-03
1.0065824026241899e-03
1.0056368773803115e-03
1.0048308176919818e-03
1.0047802934423089e-03
1.0052680736407638e-03
1.0056151077151299e-03
1.0054215090349317e-03
1.0048699332401156e-03
1.0044509544968605e-03
1.0044369846582413e-03
1.0046773822978139e-03
1.0048251133412123e-03
1.0046875104308128e-03
1.0043727234005928e-03
1.0041262721642852e-03
1.0040863417088985e-03
1.0041834320873022e-03
1.0042439680546522e-03
1.0041637578979135e-03
1.0039815679192543e-03
1.0038168402388692e-03
1.0037514148280025e-03
1.0037679458037019e-03
1.0037857573479414e-03
1.0037396568804979e-03
1.0036312742158771e-03
1.0035127634182572e-03
1.0034348815679550e-03
1.0034061269834638e-03
1.0033944854512811e-03
1.0033623548224568e-03
1.0032949503511190e-03
1.0032086865976453e-03
1.0031311539933085e-03
1.0030778357759118e-03
1.0030436096712947e-03
1.0030099656432867e-03
1.0029625846073031e-03
1.0028997203335166e-03
1.0028313845396042e-03
1.0027694515883923e-03
1.0027189273387194e-03
1.0026764357462525e-03
1.0026332456618547e-03
1.0025836527347565e-03
1.0025270748883486e-03
1.0024675866588950e-03
1.0024108923971653e-03
1.0023593204095960e-03
1.0023118229582906e-03
1.0022646747529507e-03
1.0022151982411742e-03
1.0021623456850648e-03
1.0021075140684843e-03
1.0020529152825475e-03
1.0020004119724035e-03
1.0019500041380525e-03
1.0019007604569197e-03
1.0018510511144996e-03
1.0018000612035394e-03
1.0017475578933954e-03
1.0016945889219642e-03
1.0016419691964984e-03
1.0015902807936072e-03
1.0015394072979689e-03
1.0014891158789396e-03
1.0014385916292667e-03
1.0013871360570192e-03
1.0013354476541281e-03
1.0012834100052714e-03
1.0012314887717366e-03
1.0011795675382018e-03
1.0011283447965980e-03
1.0010773548856378e-03
1.0010264813899994e-03
1.0009750258177519e-03
1.0009235702455044e-03
1.0008717654272914e-03
1.0008201934397221e-03
1.0007682722061872e-03
1.0007168166339397e-03
1.0006651282310486e-03
1.0006137890741229e-03
1.0005624499171972e-03
1.0005111107602715e-03
1.0004596551880240e-03
1.0004078503698111e-03
1.0003562783822417e-03
1.0003044735640287e-03
1.0002529015764594e-03
1.0002012131735682e-03
1.0001496411859989e-03
1.0000980691984296e-03
1.0000463807955384e-03
9.9999480880796909e-04
9.9994323682039976e-04
9.9989154841750860e-04
9.9983974359929562e-04
9.9978805519640446e-04
9.9973636679351330e-04
9.9968467839062214e-04
9.9963275715708733e-04
9.9958083592355251e-04
9.9952926393598318e-04
9.9947757553309202e-04
9.9942553788423538e-04
9.9937384948134422e-04
9.9932192824780941e-04
9.9927023984491825e-04
9.9921843502670527e-04
9.9916651379317045e-04
9.9911447614431381e-04
9.9906267132610083e-04
9.9901086650788784e-04
9.9895882885903120e-04
9.9890690762549639e-04
9.9885498639196157e-04
9.9880306515842676e-04
9.9875114392489195e-04
9.9869922269135714e-04
9.9864706862717867e-04
9.9859503097832203e-04
9.9854310974478722e-04
9.9849118851125240e-04
9.9843903444707394e-04
9.9838699679821730e-04
9.9833507556468248e-04
9.9828280508518219e-04
9.9823100026696920e-04
9.9817872978746891e-04
9.9812657572329044e-04
9.9807442165911198e-04
9.9802226759493351e-04
9.9797022994607687e-04
9.9791807588189840e-04
9.9786592181771994e-04
9.9781365133821964e-04
9.9776149727404118e-04
9.9770922679454088e-04
9.9765707273036242e-04
9.9760468583554029e-04
9.9755264818668365e-04
9.9750037770718336e-04
9.9744799081236124e-04
9.9739572033286095e-04
9.9734344985336065e-04
9.9729117937386036e-04
9.9723879247903824e-04
9.9718663841485977e-04
9.9713413510471582e-04
9.9708186462521553e-04
9.9702959414571524e-04
9.9697720725089312e-04
9.9692505318671465e-04
9.9687278270721436e-04
9.9682097788900137e-04
9.9676928948611021e-04
9.9671795032918453e-04
9.9666730966418982e-04
9.9661783315241337e-04
9.9657033570110798e-04
9.9652598146349192e-04
9.9648709874600172e-04
9.9645752925425768e-04
9.9644344300031662e-04
9.9645648151636124e-04
9.9651631899178028e-04
9.9665776360780001e-04
9.9694042000919580e-04
9.9746906198561192e-04
9.9842320196330547e-04
1.0000976035371423e-03
1.0029507102444768e-03
1.0075826430693269e-03
1.0145228588953614e-03
1.0233840439468622e-03
1.0316284606233239e-03
1.0336095001548529e-03
1.0253108339384198e-03
1.0100728832185268e-03
9.9983345717191696e-04
1.0014754952862859e-03
1.0106667177751660e-03
1.0158343939110637e-03
1.0107480920851231e-03
1.0003281058743596e-03
9.9543563555926085e-04
9.9936395417898893e-04
1.0051552671939135e-03
1.0051643475890160e-03
9.9969666916877031e-04
9.9555903580039740e-04
9.9681189749389887e-04
1.0003170464187860e-03
1.0007674572989345e-03
9.9765893537551165e-04
9.9506566766649485e-04
9.9580455571413040e-04
9.9798431620001793e-04
9.9820445757359266e-04
9.9620886612683535e-04
9.9459954071789980e-04
9.9509744904935360e-04
9.9643866997212172e-04
9.9653413053601980e-04
9.9530769512057304e-04
9.9434703588485718e-04
9.9461898207664490e-04
9.9535891786217690e-04
9.9538639187812805e-04
9.9467684049159288e-04
9.9412014242261648e-04
9.9424459040164948e-04
9.9463376682251692e-04
9.9463376682251692e-04
9.9420791957527399e-04
9.9384842906147242e-04
9.9387892987579107e-04
9.9409883841872215e-04
9.9411827977746725e-04
9.9386076908558607e-04
9.9359417799860239e-04
9.9354900885373354e-04
9.9366030190140009e-04
9.9369336385279894e-04
9.9355063866823912e-04
9.9335960112512112e-04
9.9327869247645140e-04
9.9331140518188477e-04
9.9332944955676794e-04
9.9324691109359264e-04
9.9311233498156071e-04
9.9302537273615599e-04
9.9301454611122608e-04
9.9301617592573166e-04
9.9296495318412781e-04
9.9286832846701145e-04
9.9278159905225039e-04
9.9273957312107086e-04
9.9272222723811865e-04
9.9268776830285788e-04
9.9262222647666931e-04
9.9254667293280363e-04
9.9248846527189016e-04
9.9245132878422737e-04
9.9241652060300112e-04
9.9236750975251198e-04
9.9230557680130005e-04
9.9224469158798456e-04
9.9219602998346090e-04
9.9215575028210878e-04
9.9211314227432013e-04
9.9206145387142897e-04
9.9200406111776829e-04
9.9194934591650963e-04
9.9190184846520424e-04
9.9185784347355366e-04
9.9181185942143202e-04
9.9176063667982817e-04
9.9170708563178778e-04
9.9165551364421844e-04
9.9160789977759123e-04
9.9156168289482594e-04
9.9151371978223324e-04
9.9146319553256035e-04
9.9141162354499102e-04
9.9136133212596178e-04
9.9131290335208178e-04
9.9126528948545456e-04
9.9121697712689638e-04
9.9116750061511993e-04
9.9111709278076887e-04
9.9106726702302694e-04
9.9101825617253780e-04
9.9096971098333597e-04
9.9092116579413414e-04
9.9087203852832317e-04
9.9082209635525942e-04
9.9077250342816114e-04
9.9072302691638470e-04
9.9067401606589556e-04
9.9062535446137190e-04
9.9057611078023911e-04
9.9052675068378448e-04
9.9047727417200804e-04
9.9042756482958794e-04
9.9037843756377697e-04
9.9032931029796600e-04
9.9028018303215504e-04
9.9023093935102224e-04
9.9018169566988945e-04
9.9013198632746935e-04
9.9008262623101473e-04
9.9003314971923828e-04
9.8998390603810549e-04
9.8993442952632904e-04
9.8988530226051807e-04
9.8983594216406345e-04
9.8978646565228701e-04
9.8973687272518873e-04
9.8968751262873411e-04
9.8963803611695766e-04
9.8958867602050304e-04
9.8953919950872660e-04
9.8948960658162832e-04
9.8944013006985188e-04
9.8939053714275360e-04
9.8934117704629898e-04
9.8929170053452253e-04
9.8924210760742426e-04
9.8919251468032598e-04
9.8914292175322771e-04
9.8909332882612944e-04
9.8904385231435299e-04
9.8899425938725471e-04
9.8894478287547827e-04
9.8889518994837999e-04
9.8884536419063807e-04
9.8879588767886162e-04
9.8874641116708517e-04
9.8869693465530872e-04
9.8864745814353228e-04
9.8859821446239948e-04
9.8854897078126669e-04
9.8850030917674303e-04
9.8845199681818485e-04
9.8840449936687946e-04
9.8835816606879234e-04
9.8831416107714176e-04
9.8827329929918051e-04
9.8823825828731060e-04
9.8821253050118685e-04
9.8820205312222242e-04
9.8821648862212896e-04
9.8827457986772060e-04
9.8840030841529369e-04
9.8864722531288862e-04
9.8906946368515491e-04
9.8980288021266460e-04
9.9089974537491798e-04
9.9258776754140854e-04
9.9449872504919767e-04
9.9657278042286634e-04
9.9713832605630159e-04
9.9616730585694313e-04
9.9329487420618534e-04
9.9070870783179998e-04
9.8965619690716267e-04
9.9004572257399559e-04
9.9059054628014565e-04
9.9008332472294569e-04
9.8876957781612873e-04
9.8767911549657583e-04
9.8778749816119671e-04
9.8882883321493864e-04
9.8965899087488651e-04
9.8949461244046688e-04
9.8846678156405687e-04
9.8751462064683437e-04
9.8723138216882944e-04
9.8744709976017475e-04
9.8760903347283602e-04
9.8739471286535263e-04
9.8702125251293182e-04
9.8684977274388075e-04
9.8700413946062326e-04
9.8726199939846992e-04
9.8729983437806368e-04
9.8704209085553885e-04
9.8666385747492313e-04
9.8643207456916571e-04
9.8641542717814445e-04
9.8646909464150667e-04
9.8642881494015455e-04
9.8627549596130848e-04
9.8613242153078318e-04
9.8609866108745337e-04
9.8615267779678106e-04
9.8619225900620222e-04
9.8614417947828770e-04
9.8602625075727701e-04
9.8590587731450796e-04
9.8583335056900978e-04
9.8580203484743834e-04
9.8576792515814304e-04
9.8569958936423063e-04
9.8560366313904524e-04
9.8551576957106590e-04
9.8546221852302551e-04
9.8543742205947638e-04
9.8541390616446733e-04
9.8537025041878223e-04
9.8530983086675406e-04
9.8524987697601318e-04
9.8520470783114433e-04
9.8517234437167645e-04
9.8514021374285221e-04
9.8509842064231634e-04
9.8504649940878153e-04
9.8499155137687922e-04
9.8494160920381546e-04
9.8489911761134863e-04
9.8486070055514574e-04
9.8481995519250631e-04
9.8477397114038467e-04
9.8472542595118284e-04
9.8467932548373938e-04
9.8463858012109995e-04
9.8460365552455187e-04
9.8457129206508398e-04
9.8454032558947802e-04
9.8451203666627407e-04
9.8448945209383965e-04
9.8447687923908234e-04
9.8447874188423157e-04
9.8449795041233301e-04
9.8454067483544350e-04
9.8461401648819447e-04
9.8473136313259602e-04
9.8490796517580748e-04
9.8517176229506731e-04
9.8554941359907389e-04
9.8608632106333971e-04
9.8681927192956209e-04
9.8781101405620575e-04
9.8907412029802799e-04
9.9063769448548555e-04
9.9234876688569784e-04
9.9405145738273859e-04
9.9521304946392775e-04
9.9547370336949825e-04
9.9426589440554380e-04
9.9179311655461788e-04
9.8852766677737236e-04
9.8555244039744139e-04
9.8369247280061245e-04
9.8329549655318260e-04
9.8408816847950220e-04
9.8541995976120234e-04
9.8658911883831024e-04
9.8705070558935404e-04
9.8666560370475054e-04
9.8559155594557524e-04
9.8431354854255915e-04
9.8329072352498770e-04
9.8282296676188707e-04
9.8292250186204910e-04
9.8337698727846146e-04
9.8388327751308680e-04
9.8417187109589577e-04
9.8412507213652134e-04
9.8376348614692688e-04
9.8324869759380817e-04
9.8276324570178986e-04
9.8245090339332819e-04
9.8235870245844126e-04
9.8244287073612213e-04
9.8260620143264532e-04
9.8274333868175745e-04
9.8278396762907505e-04
9.8270387388765812e-04
9.8253041505813599e-04
9.8231423180550337e-04
9.8211283329874277e-04
9.8196603357791901e-04
9.8188896663486958e-04
9.8187185358256102e-04
9.8188989795744419e-04
9.8191329743713140e-04
9.8191725555807352e-04
9.8188896663486958e-04
9.8182633519172668e-04
9.8173867445439100e-04
9.8163855727761984e-04
9.8154030274599791e-04
9.8145403899252415e-04
9.8138523753732443e-04
9.8133378196507692e-04
9.8129629623144865e-04
9.8126684315502644e-04
9.8123971838504076e-04
9.8120991606265306e-04
9.8117429297417402e-04
9.8113168496638536e-04
9.8108209203928709e-04
9.8102726042270660e-04
9.8096951842308044e-04
9.8091026302427053e-04
9.8085158970206976e-04
9.8079454619437456e-04
9.8073983099311590e-04
9.8068802617490292e-04
9.8063854966312647e-04
9.8059105221182108e-04
9.8054530099034309e-04
9.8050059750676155e-04
9.8045647609978914e-04
9.8041270393878222e-04
9.8036904819309711e-04
9.8032504320144653e-04
9.8028103820979595e-04
9.8023691680282354e-04
9.8019256256520748e-04
9.8014820832759142e-04
9.8010397050529718e-04
9.8005973268300295e-04
9.8001584410667419e-04
9.7997277043759823e-04
9.7993016242980957e-04
9.7988871857523918e-04
9.7984878811985254e-04
9.7981060389429331e-04
9.7977498080581427e-04
9.7974273376166821e-04
9.7971525974571705e-04
9.7969360649585724e-04
9.7968103364109993e-04
9.7968056797981262e-04
9.7969721537083387e-04
9.7973726224154234e-04
9.7981153521686792e-04
9.7993225790560246e-04
9.8012108355760574e-04
9.8040222655981779e-04
9.8081806208938360e-04
9.8141096532344818e-04
9.8225602414458990e-04
9.8340178374201059e-04
9.8494277335703373e-04
9.8683754913508892e-04
9.8907283972948790e-04
9.9122140090912580e-04
9.9291699007153511e-04
9.9320372100919485e-04
9.9179171957075596e-04
9.8846119362860918e-04
9.8435417748987675e-04
9.8073738627135754e-04
9.7881979309022427e-04
9.7885483410209417e-04
9.8026019986718893e-04
9.8201748915016651e-04
9.8314101342111826e-04
9.8313367925584316e-04
9.8200282081961632e-04
9.8037451971322298e-04
9.7894296050071716e-04
9.7824516706168652e-04
9.7835366614162922e-04
9.7897043451666832e-04
9.7963458392769098e-04
9.7995344549417496e-04
9.7978278063237667e-04
9.7920885309576988e-04
9.7851932514458895e-04
9.7798265051096678e-04
9.7776169423013926e-04
9.7784039098769426e-04
9.7807811107486486e-04
9.7829697187989950e-04
9.7836321219801903e-04
9.7824190743267536e-04
9.7798032220453024e-04
9.7768416162580252e-04
9.7744690719991922e-04
9.7732350695878267e-04
9.7731116693466902e-04
9.7736553288996220e-04
9.7742746584117413e-04
9.7744690719991922e-04
9.7740266937762499e-04
9.7729894332587719e-04
9.7716390155255795e-04
9.7702862694859505e-04
9.7692024428397417e-04
9.7684992942959070e-04
9.7681535407900810e-04
9.7680301405489445e-04
9.7679556347429752e-04
9.7677868325263262e-04
9.7674294374883175e-04
9.7668822854757309e-04
9.7661861218512058e-04
9.7654241835698485e-04
9.7646738868206739e-04
9.7640015883371234e-04
9.7634328994899988e-04
9.7629701485857368e-04
9.7625848138704896e-04
9.7622384782880545e-04
9.7618973813951015e-04
9.7615312552079558e-04
9.7611208911985159e-04
9.7606645431369543e-04
9.7601657034829259e-04
9.7596400883048773e-04
9.7591005032882094e-04
9.7585591720417142e-04
9.7580306464806199e-04
9.7575224936008453e-04
9.7570306388661265e-04
9.7565603209659457e-04
9.7561039729043841e-04
9.7556615946814418e-04
9.7552238730713725e-04
9.7547884797677398e-04
9.7543548326939344e-04
9.7539194393903017e-04
9.7534799715504050e-04
9.7530358470976353e-04
9.7525893943384290e-04
9.7521394491195679e-04
9.7516860114410520e-04
9.7512325737625360e-04
9.7507773898541927e-04
9.7503233700990677e-04
9.7498687682673335e-04
9.7494182409718633e-04
9.7489688778296113e-04
9.7485253354534507e-04
9.7480852855369449e-04
9.7476528026163578e-04
9.7472267225384712e-04
9.7468128660693765e-04
9.7464158898219466e-04
9.7460387041792274e-04
9.7456882940605283e-04
9.7453763009980321e-04
9.7451172769069672e-04
9.7449333406984806e-04
9.7448489395901561e-04
9.7449135500937700e-04
9.7451865440234542e-04
9.7457622177898884e-04
9.7467697924003005e-04
9.7484135767444968e-04
9.7509525949135423e-04
9.7548222402110696e-04
9.7605149494484067e-04
9.7688799723982811e-04
9.7806449048221111e-04
9.7970978822559118e-04
9.8183739464730024e-04
9.8449282813817263e-04
9.8727783188223839e-04
9.8977831657975912e-04
9.9077785853296518e-04
9.8968448583036661e-04
9.8593172151595354e-04
9.8086078651249409e-04
9.7620440647006035e-04
9.7376958001405001e-04
9.7397854551672935e-04
9.7597629064694047e-04
9.7824318800121546e-04
9.7938103135675192e-04
9.7881443798542023e-04
9.7687507513910532e-04
9.7469514003023505e-04
9.7332394216209650e-04
9.7321870271116495e-04
9.7405893029645085e-04
9.7509351326152682e-04
9.7561907023191452e-04
9.7532471409067512e-04
9.7441609250381589e-04
9.7340025240555406e-04
9.7277393797412515e-04
9.7272731363773346e-04
9.7310420824214816e-04
9.7355624893680215e-04
9.7376672783866525e-04
9.7360979998484254e-04
9.7317743347957730e-04
9.7269524121657014e-04
9.7237341105937958e-04
9.7230105893686414e-04
9.7242335323244333e-04
9.7260158509016037e-04
9.7270030528306961e-04
9.7265088697895408e-04
9.7247172379866242e-04
9.7224017372354865e-04
9.7204354824498296e-04
9.7193627152591944e-04
9.7192055545747280e-04
9.7195815760642290e-04
9.7199581796303391e-04
9.7199220908805728e-04
9.7193225519731641e-04
9.7182858735322952e-04
9.7170961089432240e-04
9.7160460427403450e-04
9.7153155365958810e-04
9.7149232169613242e-04
9.7147596534341574e-04
9.7146531334146857e-04
9.7144528990611434e-04
9.7140716388821602e-04
9.7135093528777361e-04
9.7128265770152211e-04
9.7121135331690311e-04
9.7114522941410542e-04
9.7108900081366301e-04
9.7104348242282867e-04
9.7100622951984406e-04
9.7097270190715790e-04
9.7093859221786261e-04
9.7090058261528611e-04
9.7085756715387106e-04
9.7080948762595654e-04
9.7075838129967451e-04
9.7070593619719148e-04
9.7065430600196123e-04
9.7060494590550661e-04
9.7055861260741949e-04
9.7051530610769987e-04
9.7047461895272136e-04
9.7043608548119664e-04
9.7039924003183842e-04
9.7036373335868120e-04
9.7033055499196053e-04
9.7030017059296370e-04
9.7027432639151812e-04
9.7025558352470398e-04
9.7024824935942888e-04
9.7025651484727859e-04
9.7029114840552211e-04
9.7035808721557260e-04
9.7047997405752540e-04
9.7066367743536830e-04
9.7095390083268285e-04
9.7133865347132087e-04
9.7188627114519477e-04
9.7248487873002887e-04
9.7319099586457014e-04
9.7364268731325865e-04
9.7387220012024045e-04
9.7342568915337324e-04
9.7260554321110249e-04
9.7150815417990088e-04
9.7067712340503931e-04
9.7035808721557260e-04
9.7057170933112502e-04
9.7107462352141738e-04
9.7149773500859737e-04
9.7161415033042431e-04
9.7128486959263682e-04
9.7071944037452340e-04
9.7014475613832474e-04
9.6980540547519922e-04
9.6975016640499234e-04
9.6986803691834211e-04
9.6998724620789289e-04
9.6994981868192554e-04
9.6974527696147561e-04
9.6942647360265255e-04
9.6913176821544766e-04
9.6895120805129409e-04
9.6890638815239072e-04
9.6894666785374284e-04
9.6898654010146856e-04
9.6896587638184428e-04
9.6886372193694115e-04
9.6871849382296205e-04
9.6858153119683266e-04
9.6849724650382996e-04
9.6847512759268284e-04
9.6849497640505433e-04
9.6852472051978111e-04
9.6853723516687751e-04
9.6852879505604506e-04
9.6851016860455275e-04
9.6850859699770808e-04
9.6854794537648559e-04
9.6864730585366488e-04
9.6881657373160124e-04
9.6905941609293222e-04
9.6938817296177149e-04
9.6981314709410071e-04
9.7037223167717457e-04
9.7108649788424373e-04
9.7199872834607959e-04
9.7308878321200609e-04
9.7431906033307314e-04
9.7552180523052812e-04
9.7647646907716990e-04
9.7683281637728214e-04
9.7634381381794810e-04
9.7487098537385464e-04
9.7270257538184524e-04
9.7033113706856966e-04
9.6840976038947701e-04
9.6735259285196662e-04
9.6724025206640363e-04
9.6782925538718700e-04
9.6871261484920979e-04
9.6948468126356602e-04
9.6984871197491884e-04
9.6970808226615191e-04
9.6912635490298271e-04
9.6832710551097989e-04
9.6755404956638813e-04
9.6701009897515178e-04
9.6677703550085425e-04
9.6682296134531498e-04
9.6703547751531005e-04
9.6727960044518113e-04
9.6744310576468706e-04
9.6746353665366769e-04
9.6733961254358292e-04
9.6710934303700924e-04
9.6683978335931897e-04
9.6659053815528750e-04
9.6640578703954816e-04
9.6629932522773743e-04
9.6626300364732742e-04
9.6627173479646444e-04
9.6629752079024911e-04
9.6631521591916680e-04
9.6630962798371911e-04
9.6627499442547560e-04
9.6621253760531545e-04
9.6613081404939294e-04
9.6603832207620144e-04
9.6594536444172263e-04
9.6585776191204786e-04
9.6578046213835478e-04
9.6571457106620073e-04
9.6565968124195933e-04
9.6561404643580317e-04
9.6557475626468658e-04
9.6554000629112124e-04
9.6550735179334879e-04
9.6547463908791542e-04
9.6544082043692470e-04
9.6540519734844565e-04
9.6536678029224277e-04
9.6532580209895968e-04
9.6528243739157915e-04
9.6523709362372756e-04
9.6518953796476126e-04
9.6514099277555943e-04
9.6509151626378298e-04
9.6504174871370196e-04
9.6499198116362095e-04
9.6494250465184450e-04
9.6489366842433810e-04
9.6484535606577992e-04
9.6479791682213545e-04
9.6475158352404833e-04
9.6470583230257034e-04
9.6466095419600606e-04
9.6461683278903365e-04
9.6457381732761860e-04
9.6453144215047359e-04
9.6449040574952960e-04
9.6445024246349931e-04
9.6441182540729642e-04
9.6437544561922550e-04
9.6434151055291295e-04
9.6431095153093338e-04
9.6428539836779237e-04
9.6426653908565640e-04
9.6425740048289299e-04
9.6426164964213967e-04
9.6428580582141876e-04
9.6433807630091906e-04
9.6443202346563339e-04
9.6458545885980129e-04
9.6482876688241959e-04
9.6519710496068001e-04
9.6575473435223103e-04
9.6656678942963481e-04
9.6775457495823503e-04
9.6939341165125370e-04
9.7164028557017446e-04
9.7439123783260584e-04
9.7759114578366280e-04
9.8037905991077423e-04
9.8209024872630835e-04
9.8114972934126854e-04
9.7759033087641001e-04
9.7194511909037828e-04
9.6667167963460088e-04
9.6370145911350846e-04
9.6377334557473660e-04
9.6597819356247783e-04
9.6854532603174448e-04
9.6988055156543851e-04
9.6918304916471243e-04
9.6699735149741173e-04
9.6455198945477605e-04
9.6313178073614836e-04
9.6317770658060908e-04
9.6423720242455602e-04
9.6539093647152185e-04
9.6583797130733728e-04
9.6533686155453324e-04
9.6421345369890332e-04
9.6313195535913110e-04
9.6261047292500734e-04
9.6275849500671029e-04
9.6328539075329900e-04
9.6374866552650928e-04
9.6383271738886833e-04
9.6349138766527176e-04
9.6293399110436440e-04
9.6245144959539175e-04
9.6224382286891341e-04
9.6232211217284203e-04
9.6254405798390508e-04
9.6272263908758759e-04
9.6273265080526471e-04
9.6256355755031109e-04
9.6229894552379847e-04
9.6205563750118017e-04
9.6191780176013708e-04
9.6190063050016761e-04
9.6195889636874199e-04
9.6202164422720671e-04
9.6203177236020565e-04
9.6196815138682723e-04
9.6184934955090284e-04
9.6171541372314095e-04
9.6160493558272719e-04
9.6153910271823406e-04
9.6151564503088593e-04
9.6151535399258137e-04
9.6151378238573670e-04
9.6149207092821598e-04
9.6144416602328420e-04
9.6137513173744082e-04
9.6129754092544317e-04
9.6122443210333586e-04
9.6116482745856047e-04
9.6112105529755354e-04
9.6108921570703387e-04
9.6106284763664007e-04
9.6103484975174069e-04
9.6100021619349718e-04
9.6095725893974304e-04
9.6090754959732294e-04
9.6085428958758712e-04
9.6080044750124216e-04
9.6074974862858653e-04
9.6070329891517758e-04
9.6066115656867623e-04
9.6062250668182969e-04
9.6058525377884507e-04
9.6054800087586045e-04
9.6050952561199665e-04
9.6046930411830544e-04
9.6042687073349953e-04
9.6038309857249260e-04
9.6033839508891106e-04
9.6029369160532951e-04
9.6024927916005254e-04
9.6020585624501109e-04
9.6016383031383157e-04
9.6012285212054849e-04
9.6008344553411007e-04
9.6004549413919449e-04
9.6000946359708905e-04
9.5997535390779376e-04
9.5994456205517054e-04
9.5991772832348943e-04
9.5989805413410068e-04
9.5988804241642356e-04
9.5989397959783673e-04
9.5992168644443154e-04
9.5998670440167189e-04
9.6009997650980949e-04
9.6029671840369701e-04
9.6059037605300546e-04
9.6105237025767565e-04
9.6165848663076758e-04
9.6251140348613262e-04
9.6337805734947324e-04
9.6430705161765218e-04
9.6464180387556553e-04
9.6448190743103623e-04
9.6340943127870560e-04
9.6215156372636557e-04
9.6117483917623758e-04
9.6100883092731237e-04
9.6160144312307239e-04
9.6249848138540983e-04
9.6318690339103341e-04
9.6317223506048322e-04
9.6258759731426835e-04
9.6169684547930956e-04
9.6103496616706252e-04
9.6078874776139855e-04
9.6082716481760144e-04
9.6084608230739832e-04
9.6055335598066449e-04
9.5998722827062011e-04
9.5932191470637918e-04
9.5883663743734360e-04
9.5864757895469666e-04
9.5868884818628430e-04
9.5879175933077931e-04
9.5880171284079552e-04
9.5868768403306603e-04
9.5850939396768808e-04
9.5838459674268961e-04
9.5837964909151196e-04
9.5847598277032375e-04
9.5859513385221362e-04
9.5865543698891997e-04
9.5863710157573223e-04
9.5856911502778530e-04
9.5851614605635405e-04
9.5851585501804948e-04
9.5857074484229088e-04
9.5864944159984589e-04
9.5871882513165474e-04
9.5876544946804643e-04
9.5879519358277321e-04
9.5883500762283802e-04
9.5890584634616971e-04
9.5901946770027280e-04
9.5917371800169349e-04
9.5934775890782475e-04
9.5953518757596612e-04
9.5971522387117147e-04
9.5990218687802553e-04
9.6008140826597810e-04
9.6026062965393066e-04
9.6040975768119097e-04
9.6050871070474386e-04
9.6051825676113367e-04
9.6042081713676453e-04
9.6019689226523042e-04
9.5986202359199524e-04
9.5942773623391986e-04
9.5894193509593606e-04
9.5843727467581630e-04
9.5796264940872788e-04
9.5754553331062198e-04
9.5720955869182944e-04
9.5696188509464264e-04
9.5680198865011334e-04
9.5671985764056444e-04
9.5670123118907213e-04
9.5672754105180502e-04
9.5678132493048906e-04
9.5684773987159133e-04
9.5691438764333725e-04
9.5697480719536543e-04
9.5702416729182005e-04
9.5706217689439654e-04
9.5708743901923299e-04
9.5710274763405323e-04
9.5710728783160448e-04
9.5710402820259333e-04
9.5709162997081876e-04
9.5707294531166553e-04
9.5704692648723722e-04
9.5701683312654495e-04
9.5698249060660601e-04
9.5694774063304067e-04
9.5691159367561340e-04
9.5687794964760542e-04
9.5684552798047662e-04
9.5681793754920363e-04
9.5679273363202810e-04
9.5677422359585762e-04
9.5675914781168103e-04
9.5675181364640594e-04
9.5674925250932574e-04
9.5675588818266988e-04
9.5676869386807084e-04
9.5679191872477531e-04
9.5682102255523205e-04
9.5686072017997503e-04
9.5690495800226927e-04
9.5695763593539596e-04
9.5701141981408000e-04
9.5707003492861986e-04
9.5712329493835568e-04
9.5717434305697680e-04
9.5721014076843858e-04
9.5723400590941310e-04
9.5723074628040195e-04
9.5720466924831271e-04
9.5714046619832516e-04
9.5704593695700169e-04
9.5690973103046417e-04
9.5674372278153896e-04
9.5654267352074385e-04
9.5632328884676099e-04
9.5608597621321678e-04
9.5584726659581065e-04
9.5561135094612837e-04
9.5539033645763993e-04
9.5518608577549458e-04
9.5500535098835826e-04
9.5484731718897820e-04
9.5471268286928535e-04
9.5459888689219952e-04
9.5450360095128417e-04
9.5442350720986724e-04
9.5435604453086853e-04
9.5429806970059872e-04
9.5424742903560400e-04
9.5420220168307424e-04
9.5416099065914750e-04
9.5412263181060553e-04
9.5408631023019552e-04
9.5405190950259566e-04
9.5401919679716229e-04
9.5398857956752181e-04
9.5396029064431787e-04
9.5393531955778599e-04
9.5391436479985714e-04
9.5389946363866329e-04
9.5389276975765824e-04
9.5389742637053132e-04
9.5391843933612108e-04
9.5396267715841532e-04
9.5403945306316018e-04
9.5416430849581957e-04
9.5435604453086853e-04
9.5464609330520034e-04
9.5507077639922500e-04
9.5569144468754530e-04
9.5656677149236202e-04
9.5779716502875090e-04
9.5942791085690260e-04
9.6154172206297517e-04
9.6396973822265863e-04
9.6652796491980553e-04
9.6842716448009014e-04
9.6908892737701535e-04
9.6754886908456683e-04
9.6416880842298269e-04
9.5972995040938258e-04
9.5606077229604125e-04
9.5425371546298265e-04
9.5457612769678235e-04
9.5617311308160424e-04
9.5784012228250504e-04
9.5850939396768808e-04
9.5775531372055411e-04
9.5597642939537764e-04
9.5406977925449610e-04
9.5292169135063887e-04
9.5287378644570708e-04
9.5365382730960846e-04
9.5461553428322077e-04
9.5515302382409573e-04
9.5495791174471378e-04
9.5415837131440639e-04
9.5317338127642870e-04
9.5245719421654940e-04
9.5224805409088731e-04
9.5248565776273608e-04
9.5290405442938209e-04
9.5320865511894226e-04
9.5322320703417063e-04
9.5295265782624483e-04
9.5254275947809219e-04
9.5218064961954951e-04
9.5199386123567820e-04
9.5199781935662031e-04
9.5211563166230917e-04
9.5223390962928534e-04
9.5226499252021313e-04
9.5217867055907845e-04
9.5200742362067103e-04
9.5181446522474289e-04
9.5166248502209783e-04
9.5158530166372657e-04
9.5157843315973878e-04
9.5161114586517215e-04
9.5164275262504816e-04
9.5164286904036999e-04
9.5159839838743210e-04
9.5151690766215324e-04
9.5141778001561761e-04
9.5132290152832866e-04
9.5124816289171576e-04
9.5119915204122663e-04
9.5117167802527547e-04
9.5115514704957604e-04
9.5113809220492840e-04
9.5111184054985642e-04
9.5107260858640075e-04
9.5102167688310146e-04
9.5096352742984891e-04
9.5090415561571717e-04
9.5084821805357933e-04
9.5079897437244654e-04
9.5075694844126701e-04
9.5072074327617884e-04
9.5068826340138912e-04
9.5065677305683494e-04
9.5062394393607974e-04
9.5058837905526161e-04
9.5054978737607598e-04
9.5050828531384468e-04
9.5046503702178597e-04
9.5042044995352626e-04
9.5037609571591020e-04
9.5033243997022510e-04
9.5028994837775826e-04
9.5024891197681427e-04
9.5020915614441037e-04
9.5017073908820748e-04
9.5013272948563099e-04
9.5009530195966363e-04
9.5005828188732266e-04
9.5002155285328627e-04
9.4998494023457170e-04
9.4994879327714443e-04
9.4991357764229178e-04
9.4987987540662289e-04
9.4984873430803418e-04
9.4982172595337033e-04
9.4980181893333793e-04
9.4979262212291360e-04
9.4980152789503336e-04
9.4983755843713880e-04
9.4992108643054962e-04
9.5007213531062007e-04
9.5034326659515500e-04
9.5076870638877153e-04
9.5146923558786511e-04
9.5242378301918507e-04
9.5380912534892559e-04
9.5515174325555563e-04
9.5644703833386302e-04
9.5632148440927267e-04
9.5506891375407577e-04
9.5253257313743234e-04
9.5041940221562982e-04
9.4971468206495047e-04
9.5052120741456747e-04
9.5197255723178387e-04
9.5285614952445030e-04
9.5272320322692394e-04
9.5169135602191091e-04
9.5087359659373760e-04
9.5098471501842141e-04
9.5195998437702656e-04
9.5308938762173057e-04
9.5355877419933677e-04
9.5343327848240733e-04
9.5311127370223403e-04
9.5320475520566106e-04
9.5366482855752110e-04
9.5396931283175945e-04
9.5371756469830871e-04
9.5281610265374184e-04
9.5166679238900542e-04
9.5067609800025821e-04
9.4997527776286006e-04
9.4948947662487626e-04
9.4903423450887203e-04
9.4859936507418752e-04
9.4830337911844254e-04
9.4829680165275931e-04
9.4856473151594400e-04
9.4891688786447048e-04
9.4915425870567560e-04
9.4920111587271094e-04
9.4915210502222180e-04
9.4910478219389915e-04
9.4908097526058555e-04
9.4901141710579395e-04
9.4884313875809312e-04
9.4858836382627487e-04
9.4831368187442422e-04
9.4808731228113174e-04
9.4793247990310192e-04
9.4782869564369321e-04
9.4774074386805296e-04
9.4764906680211425e-04
9.4756484031677246e-04
9.4751134747639298e-04
9.4749953132122755e-04
9.4751425785943866e-04
9.4752828590571880e-04
9.4752461882308125e-04
9.4750663265585899e-04
9.4749056734144688e-04
9.4748596893623471e-04
9.4749184790998697e-04
9.4749953132122755e-04
9.4750180142000318e-04
9.4749935669824481e-04
9.4749801792204380e-04
9.4750529387965798e-04
9.4752758741378784e-04
9.4756472390145063e-04
9.4761658692732453e-04
9.4768084818497300e-04
9.4776408514007926e-04
9.4787153648212552e-04
9.4801554223522544e-04
9.4820006052032113e-04
9.4843504484742880e-04
9.4871706096455455e-04
9.4905693549662828e-04
9.4944419106468558e-04
9.4988418277353048e-04
9.5034367404878139e-04
9.5080840401351452e-04
9.5120229525491595e-04
9.5149106346070766e-04
9.5156137831509113e-04
9.5139566110447049e-04
9.5091911498457193e-04
9.5019658328965306e-04
9.4927457394078374e-04
9.4830268062651157e-04
9.4740197528153658e-04
9.4669417012482882e-04
9.4623805489391088e-04
9.4603939214721322e-04
9.4605662161484361e-04
9.4622222241014242e-04
9.4646285288035870e-04
9.4671134138479829e-04
9.4691821141168475e-04
9.4704621005803347e-04
9.4708433607593179e-04
9.4702607020735741e-04
9.4688939861953259e-04
9.4668933888897300e-04
9.4645604258403182e-04
9.4621168682351708e-04
9.4598165014758706e-04
9.4578124117106199e-04
9.4562052981927991e-04
9.4550196081399918e-04
9.4542285660281777e-04
9.4537669792771339e-04
9.4535556854680181e-04
9.4535161042585969e-04
9.4535714015364647e-04
9.4536674441769719e-04
9.4537652330473065e-04
9.4538432313129306e-04
9.4538845587521791e-04
9.4538886332884431e-04
9.4538577832281590e-04
9.4538071425631642e-04
9.4537384575232863e-04
9.4536738470196724e-04
9.4536197138950229e-04
9.4536005053669214e-04
9.4536243705078959e-04
9.4537209952250123e-04
9.4538985285907984e-04
9.4541930593550205e-04
9.4546139007434249e-04
9.4552146038040519e-04
9.4560044817626476e-04
9.4570528017356992e-04
9.4583729514852166e-04
9.4600592274218798e-04
9.4620964955538511e-04
9.4646093202754855e-04
9.4675150467082858e-04
9.4709213590249419e-04
9.4746000831946731e-04
9.4785809051245451e-04
9.4823533436283469e-04
9.4858027296140790e-04
9.4880926189944148e-04
9.4890530453994870e-04
9.4877876108512282e-04
9.4844494014978409e-04
9.4786990666761994e-04
9.4714033184573054e-04
9.4630999956279993e-04
9.4550306675955653e-04
9.4479793915525079e-04
9.4426795840263367e-04
9.4393454492092133e-04
9.4378914218395948e-04
9.4379496295005083e-04
9.4390532467514277e-04
9.4407115830108523e-04
9.4425043789669871e-04
9.4441242981702089e-04
9.4453187193721533e-04
9.4460044056177139e-04
9.4460789114236832e-04
9.4456260558217764e-04
9.4446487491950393e-04
9.4433140475302935e-04
9.4416853971779346e-04
9.4399426598101854e-04
9.4381609233096242e-04
9.4364729011431336e-04
9.4349263235926628e-04
9.4335770700126886e-04
9.4324338715523481e-04
9.4314926536753774e-04
9.4307353720068932e-04
9.4301364151760936e-04
9.4296591123566031e-04
9.4292761059477925e-04
9.4289652770385146e-04
9.4287010142579675e-04
9.4284751685336232e-04
9.4282720237970352e-04
9.4280956545844674e-04
9.4279390759766102e-04
9.4278150936588645e-04
9.4277295283973217e-04
9.4276980962604284e-04
9.4277359312400222e-04
9.4278762117028236e-04
9.4281462952494621e-04
9.4286020612344146e-04
9.4292929861694574e-04
9.4303273363038898e-04
9.4317947514355183e-04
9.4338791677728295e-04
9.4367290148511529e-04
9.4406725838780403e-04
9.4459095271304250e-04
9.4529468333348632e-04
9.4618817092850804e-04
9.4732706202194095e-04
9.4864825950935483e-04
9.5014955149963498e-04
9.5155573217198253e-04
9.5271674217656255e-04
9.5309503376483917e-04
9.5256633358076215e-04
9.5082772895693779e-04
9.4834831543266773e-04
9.4559515127912164e-04
9.4337802147492766e-04
9.4213278498500586e-04
9.4197434373199940e-04
9.4262516358867288e-04
9.4362138770520687e-04
9.4449461903423071e-04
9.4489363254979253e-04
9.4471109332516789e-04
9.4401976093649864e-04
9.4310130225494504e-04
9.4223744235932827e-04
9.4167003408074379e-04
9.4147602794691920e-04
9.4160321168601513e-04
9.4190076924860477e-04
9.4219838501885533e-04
9.4236212316900492e-04
9.4232655828818679e-04
9.4210956012830138e-04
9.4178080325946212e-04
9.4143988098949194e-04
9.4116851687431335e-04
9.4101432478055358e-04
9.4097957480698824e-04
9.4103184528648853e-04
9.4112148508429527e-04
9.4119954155758023e-04
9.4123149756342173e-04
9.4120181165635586e-04
9.4111484941095114e-04
9.4098865520209074e-04
9.4084726879373193e-04
9.4071333296597004e-04
9.4060419360175729e-04
9.4052718486636877e-04
9.4048184109851718e-04
9.4046152662485838e-04
9.4045669538900256e-04
9.4045669538900256e-04
9.4045343575999141e-04
9.4044097932055593e-04
9.4041682314127684e-04
9.4038079259917140e-04
9.4033533241599798e-04
9.4028306193649769e-04
9.4022741541266441e-04
9.4017130322754383e-04
9.4011722831055522e-04
9.4006670406088233e-04
9.4002066180109978e-04
9.3997927615419030e-04
9.3994272174313664e-04
9.3991018366068602e-04
9.3988201115280390e-04
9.3985721468925476e-04
9.3983684200793505e-04
9.3982031103223562e-04
9.3980989186093211e-04
9.3980546807870269e-04
9.3981111422181129e-04
9.3982683029025793e-04
9.3986128922551870e-04
9.3991373432800174e-04
9.3999877572059631e-04
9.4011158216744661e-04
9.4027811428532004e-04
9.4047555467113853e-04
9.4074493972584605e-04
9.4101502327248454e-04
9.4133761012926698e-04
9.4154925318434834e-04
9.4171112868934870e-04
9.4159389846026897e-04
9.4131712103262544e-04
9.4076921232044697e-04
9.4016850925981998e-04
9.3959842342883348e-04
9.3922170344740152e-04
9.3908898998051882e-04
9.3918177299201488e-04
9.3942414969205856e-04
9.3971396563574672e-04
9.3998317606747150e-04
9.4016612274572253e-04
9.4030675245448947e-04
9.4043894205242395e-04
9.4069587066769600e-04
9.4118341803550720e-04
9.4202480977401137e-04
9.4331818399950862e-04
9.4509054906666279e-04
9.4735866878181696e-04
9.4986695330590010e-04
9.5232605235651135e-04
9.5386785687878728e-04
9.5387181499972939e-04
9.5158850308507681e-04
9.4754359452053905e-04
9.4291404820978642e-04
9.3945604749023914e-04
9.3820417532697320e-04
9.3908340204507113e-04
9.4110431382432580e-04
9.4296224415302277e-04
9.4369152793660760e-04
9.4292452558875084e-04
9.4115611864253879e-04
9.3926012050360441e-04
9.3808956444263458e-04
9.3796773580834270e-04
9.3864765949547291e-04
9.3955296324566007e-04
9.4011222245171666e-04
9.4004423590376973e-04
9.3940831720829010e-04
9.3855912564322352e-04
9.3788554659113288e-04
9.3762594042345881e-04
9.3776878202334046e-04
9.3811372062191367e-04
9.3840988120064139e-04
9.3848106916993856e-04
9.3829783145338297e-04
9.3795463908463717e-04
9.3760789604857564e-04
9.3738315626978874e-04
9.3732750974595547e-04
9.3740230659022927e-04
9.3752145767211914e-04
9.3759864103049040e-04
9.3758426373824477e-04
9.3747826758772135e-04
9.3731872038915753e-04
9.3715987168252468e-04
9.3704421306028962e-04
9.3698967248201370e-04
9.3698699492961168e-04
9.3701016157865524e-04
9.3702937010675669e-04
9.3702244339510798e-04
9.3698193086311221e-04
9.3691283836960793e-04
9.3682989245280623e-04
9.3674904201179743e-04
9.3668239424005151e-04
9.3663518782705069e-04
9.3660585116595030e-04
9.3658809782937169e-04
9.3657354591414332e-04
9.3655509408563375e-04
9.3652843497693539e-04
9.3649252085015178e-04
9.3644869048148394e-04
9.3640026170760393e-04
9.3635101802647114e-04
9.3630381161347032e-04
9.3626085435971618e-04
9.3622237909585238e-04
9.3618803657591343e-04
9.3615654623135924e-04
9.3612656928598881e-04
9.3609676696360111e-04
9.3606609152629972e-04
9.3603390268981457e-04
9.3599985120818019e-04
9.3596416991204023e-04
9.3592749908566475e-04
9.3589007155969739e-04
9.3585246941074729e-04
9.3581486726179719e-04
9.3577773077413440e-04
9.3574129277840257e-04
9.3570590252056718e-04
9.3567103613168001e-04
9.3563745031133294e-04
9.3560444656759501e-04
9.3557289801537991e-04
9.3554251361638308e-04
9.3551410827785730e-04
9.3548808945342898e-04
9.3546579591929913e-04
9.3544839182868600e-04
9.3543832190334797e-04
9.3543843831866980e-04
9.3545531854033470e-04
9.3549356097355485e-04
9.3556777574121952e-04
9.3568576266989112e-04
9.3587959418073297e-04
9.3615270452573895e-04
9.3656923854723573e-04
9.3708554049953818e-04
9.3779526650905609e-04
9.3846442177891731e-04
9.3916489277034998e-04
9.3932100571691990e-04
9.3906628899276257e-04
9.3798874877393246e-04
9.3667453620582819e-04
9.3546294374391437e-04
9.3485484831035137e-04
9.3493965687230229e-04
9.3548849690705538e-04
9.3612400814890862e-04
9.3644543085247278e-04
9.3636929523199797e-04
9.3593535711988807e-04
9.3551585450768471e-04
9.3539810040965676e-04
9.3573791673406959e-04
9.3648576876148582e-04
9.3746575294062495e-04
9.3860906781628728e-04
9.3985768035054207e-04
9.4145257025957108e-04
9.4345683464780450e-04
9.4595650443807244e-04
9.4848533626645803e-04
9.5027429051697254e-04
9.5018628053367138e-04
9.4765034737065434e-04
9.4305293168872595e-04
9.3817053129896522e-04
9.3486986588686705e-04
9.3414349248632789e-04
9.3554687919095159e-04
9.3774148263037205e-04
9.3932019080966711e-04
9.3943323008716106e-04
9.3817617744207382e-04
9.3627773458138108e-04
9.3472586013376713e-04
9.3407777603715658e-04
9.3432207359001040e-04
9.3500351067632437e-04
9.3560246750712395e-04
9.3577784718945622e-04
9.3547085998579860e-04
9.3487673439085484e-04
9.3425647355616093e-04
9.3384098727256060e-04
9.3369436217471957e-04
9.3377387383952737e-04
9.3395414296537638e-04
9.3410554109141231e-04
9.3413679860532284e-04
9.3401182675734162e-04
9.3377503799274564e-04
9.3349895905703306e-04
9.3328038929030299e-04
9.3317334540188313e-04
9.3318487051874399e-04
9.3326950445771217e-04
9.3335506971925497e-04
9.3337998259812593e-04
9.3331281095743179e-04
9.3317439313977957e-04
9.3300937442108989e-04
9.3287375057116151e-04
9.3279941938817501e-04
9.3278783606365323e-04
9.3281408771872520e-04
9.3284208560362458e-04
9.3284406466409564e-04
9.3280733563005924e-04
9.3273975653573871e-04
9.3265780014917254e-04
9.3258044216781855e-04
9.3251996440812945e-04
9.3247916083782911e-04
9.3245314201340079e-04
9.3243393348529935e-04
9.3241414288058877e-04
9.3238987028598785e-04
9.3235971871763468e-04
9.3232444487512112e-04
9.3228614423424006e-04
9.3224615557119250e-04
9.3220541020855308e-04
9.3216437380760908e-04
9.3212380306795239e-04
9.3208457110449672e-04
9.3204720178619027e-04
9.3201221898198128e-04
9.3197997193783522e-04
9.3194976216182113e-04
9.3192089116200805e-04
9.3189190374687314e-04
9.3186204321682453e-04
9.3183049466460943e-04
9.3179737450554967e-04
9.3176268273964524e-04
9.3172735068947077e-04
9.3169132014736533e-04
9.3165587168186903e-04
9.3162042321637273e-04
9.3158567324280739e-04
9.3155138893052936e-04
9.3151757027953863e-04
9.3148380983620882e-04
9.3145034043118358e-04
9.3141669640317559e-04
9.3138322699815035e-04
9.3134969938546419e-04
9.3131640460342169e-04
9.3128316802904010e-04
9.3124987324699759e-04
9.3121704412624240e-04
9.3118427321314812e-04
9.3115150230005383e-04
9.3111878959462047e-04
9.3108607688918710e-04
9.3105342239141464e-04
9.3102082610130310e-04
9.3098840443417430e-04
9.3095598276704550e-04
9.3092402676120400e-04
9.3089224537834525e-04
9.3086116248741746e-04
9.3083077808842063e-04
9.3080155784264207e-04
9.3077379278838634e-04
9.3074812320992351e-04
9.3072594609111547e-04
9.3070842558518052e-04
9.3069794820621610e-04
9.3069806462153792e-04
9.3071407172828913e-04
9.3075382756069303e-04
9.3082984676584601e-04
9.3096191994845867e-04
9.3117839423939586e-04
9.3152688350528479e-04
9.3207234749570489e-04
9.3292549718171358e-04
9.3421613564714789e-04
9.3616684898734093e-04
9.3893660232424736e-04
9.4277475727722049e-04
9.4738061306998134e-04
9.5232145395129919e-04
9.5552601851522923e-04
9.5549540128558874e-04
9.5028924988582730e-04
9.4208825612440705e-04
9.3431235291063786e-04
9.3084078980609775e-04
9.3222071882337332e-04
9.3613716308027506e-04
9.3920656945556402e-04
9.3908084090799093e-04
9.3607301823794842e-04
9.3238154659047723e-04
9.3052053125575185e-04
9.3112961621955037e-04
9.3301170272752643e-04
9.3428505351766944e-04
9.3387300148606300e-04
9.3216140521690249e-04
9.3045353423804045e-04
9.2987215612083673e-04
9.3048129929229617e-04
9.3146448489278555e-04
9.3186408048495650e-04
9.3134253984317183e-04
9.3031994765624404e-04
9.2953449347987771e-04
9.2943478375673294e-04
9.2988664982840419e-04
9.3038397608324885e-04
9.3047798145562410e-04
9.3009922420606017e-04
9.2953024432063103e-04
9.2914258129894733e-04
9.2911545652896166e-04
9.2934828717261553e-04
9.2958536697551608e-04
9.2962128110229969e-04
9.2942843912169337e-04
9.2913775006309152e-04
9.2891982058063149e-04
9.2886359198018909e-04
9.2893670080229640e-04
9.2903280165046453e-04
9.2905538622289896e-04
9.2897529248148203e-04
9.2883547767996788e-04
9.2870753724128008e-04
9.2864059843122959e-04
9.2863669851794839e-04
9.2865980695933104e-04
9.2866556951776147e-04
9.2863006284460425e-04
9.2855864204466343e-04
9.2847761698067188e-04
9.2841411242261529e-04
9.2838000273332000e-04
9.2836859403178096e-04
9.2836236581206322e-04
9.2834437964484096e-04
9.2830741778016090e-04
9.2825532192364335e-04
9.2819979181513190e-04
9.2815142124891281e-04
9.2811614740639925e-04
9.2809152556583285e-04
9.2807173496112227e-04
9.2804938321933150e-04
9.2801993014290929e-04
9.2798331752419472e-04
9.2794228112325072e-04
9.2790136113762856e-04
9.2786381719633937e-04
9.2783075524494052e-04
9.2780136037617922e-04
9.2777336249127984e-04
9.2774466611444950e-04
9.2771393246948719e-04
9.2768075410276651e-04
9.2764577129855752e-04
9.2761084670200944e-04
9.2757632955908775e-04
9.2754338402301073e-04
9.2751171905547380e-04
9.2748098541051149e-04
9.2745060101151466e-04
9.2741986736655235e-04
9.2738849343731999e-04
9.2735642101615667e-04
9.2732365010306239e-04
9.2729058815166354e-04
9.2725735157728195e-04
9.2722440604120493e-04
9.2719198437407613e-04
9.2715997016057372e-04
9.2712824698537588e-04
9.2709664022549987e-04
9.2706514988094568e-04
9.2703348491340876e-04
9.2700152890756726e-04
9.2696957290172577e-04
9.2693738406524062e-04
9.2690519522875547e-04
9.2687294818460941e-04
9.2684075934812427e-04
9.2680862871930003e-04
9.2677661450579762e-04
9.2674460029229522e-04
9.2671305174008012e-04
9.2668132856488228e-04
9.2664989642798901e-04
9.2661869712173939e-04
9.2658796347677708e-04
9.2655781190842390e-04
9.2652806779369712e-04
9.2649966245517135e-04
9.2647253768518567e-04
9.2644785763695836e-04
9.2642678646370769e-04
9.2641066294163465e-04
9.2640280490741134e-04
9.2640676302835345e-04
9.2643010430037975e-04
9.2648045392706990e-04
9.2657713685184717e-04
9.2673400649800897e-04
9.2699786182492971e-04
9.2738255625590682e-04
9.2798628611490130e-04
9.2875439440831542e-04
9.2982727801427245e-04
9.3080621445551515e-04
9.3175837537273765e-04
9.3169935280457139e-04
9.3089597066864371e-04
9.2901568859815598e-04
9.2718272935599089e-04
9.2609343118965626e-04
9.2613248853012919e-04
9.2697696527466178e-04
9.2790141934528947e-04
9.2834775568917394e-04
9.2796300305053592e-04
9.2718546511605382e-04
9.2655082698911428e-04
9.2654663603752851e-04
9.2715932987630367e-04
9.2799495905637741e-04
9.2869711806997657e-04
9.2905311612412333e-04
9.2935928842052817e-04
9.2989177210256457e-04
9.3090545851737261e-04
9.3229109188541770e-04
9.3367404770106077e-04
9.3465665122494102e-04
9.3487364938482642e-04
9.3420437769964337e-04
9.3281693989410996e-04
9.3091017333790660e-04
9.2893076362088323e-04
9.2715170467272401e-04
9.2588580446317792e-04
9.2526740627363324e-04
9.2533731367439032e-04
9.2594994930550456e-04
9.2679902445524931e-04
9.2752173077315092e-04
9.2780875274911523e-04
9.2759350081905723e-04
9.2696055071428418e-04
9.2617981135845184e-04
9.2547608073800802e-04
9.2500325990840793e-04
9.2479062732309103e-04
9.2478853184729815e-04
9.2491990653797984e-04
9.2510681133717299e-04
9.2528917593881488e-04
9.2540960758924484e-04
9.2542893253266811e-04
9.2532701091840863e-04
9.2512072296813130e-04
9.2486263019964099e-04
9.2461559688672423e-04
9.2443142784759402e-04
9.2432956444099545e-04
9.2430110089480877e-04
9.2431850498542190e-04
9.2435441911220551e-04
9.2438742285594344e-04
9.2440744629129767e-04
9.2440977459773421e-04
9.2439353466033936e-04
9.2435715487226844e-04
9.2430156655609608e-04
9.2422892339527607e-04
9.2414673417806625e-04
9.2406367184594274e-04
9.2398835113272071e-04
9.2392525402829051e-04
9.2387531185522676e-04
9.2383584706112742e-04
9.2380365822464228e-04
9.2377554392442107e-04
9.2375057283788919e-04
9.2372746439650655e-04
9.2370621860027313e-04
9.2368683544918895e-04
9.2366838362067938e-04
9.2364934971556067e-04
9.2362897703424096e-04
9.2360744019970298e-04
9.2358433175832033e-04
9.2356116510927677e-04
9.2353863874450326e-04
9.2351774219423532e-04
9.2349876649677753e-04
9.2348223552107811e-04
9.2346849851310253e-04
9.2345877783372998e-04
9.2345400480553508e-04
9.2345627490431070e-04
9.2346756719052792e-04
9.2349178157746792e-04
9.2353211948648095e-04
9.2359457630664110e-04
9.2368555488064885e-04
9.2381582362577319e-04
9.2399655841290951e-04
9.2424685135483742e-04
9.2458486324176192e-04
9.2504103668034077e-04
9.2563725775107741e-04
9.2641514493152499e-04
9.2737778322771192e-04
9.2855072580277920e-04
9.2984474031254649e-04
9.3119259690865874e-04
9.3229743652045727e-04
9.3295430997386575e-04
9.3273725360631943e-04
9.3159847892820835e-04
9.2952983686700463e-04
9.2706788564100862e-04
9.2476204736158252e-04
9.2318648239597678e-04
9.2256849166005850e-04
9.2281558318063617e-04
9.2359498376026750e-04
9.2449627118185163e-04
9.2517357552424073e-04
9.2539819888770580e-04
9.2514860443770885e-04
9.2451518867164850e-04
9.2373078223317862e-04
9.2300091637298465e-04
9.2249846784397960e-04
9.2227815184742212e-04
9.2230999143794179e-04
9.2249724548310041e-04
9.2272681649774313e-04
9.2290283646434546e-04
9.2296558432281017e-04
9.2290481552481651e-04
9.2273938935250044e-04
9.2251953901723027e-04
9.2228909488767385e-04
9.2209328431636095e-04
9.2195102479308844e-04
9.2187098925933242e-04
9.2184258392080665e-04
9.2185032553970814e-04
9.2187471454963088e-04
9.2189875431358814e-04
9.2190987197682261e-04
9.2190079158172011e-04
9.2187052359804511e-04
9.2181976651772857e-04
9.2175492318347096e-04
9.2168018454685807e-04
9.2160358326509595e-04
9.2152884462848306e-04
9.2146144015714526e-04
9.2140311608090997e-04
9.2135521117597818e-04
9.2131737619638443e-04
9.2128815595060587e-04
9.2126557137817144e-04
9.2124700313434005e-04
9.2123058857396245e-04
9.2121434863656759e-04
9.2119711916893721e-04
9.2117750318720937e-04
9.2115573352202773e-04
9.2113128630444407e-04
9.2110480181872845e-04
9.2107645468786359e-04
9.2104735085740685e-04
9.2101731570437551e-04
9.2098786262795329e-04
9.2095852596685290e-04
9.2093070270493627e-04
9.2090427642688155e-04
9.2088046949356794e-04
9.2085887445136905e-04
9.2084106290712953e-04
9.2082720948383212e-04
9.2081911861896515e-04
9.2081795446574688e-04
9.2082680203020573e-04
9.2084758216515183e-04
9.2088535893708467e-04
9.2094478895887733e-04
9.2103518545627594e-04
9.2116516316309571e-04
9.2135218437761068e-04
9.2161149950698018e-04
9.2197587946429849e-04
9.2246802523732185e-04
9.2314375797286630e-04
9.2402537120506167e-04
9.2518801102414727e-04
9.2660041991621256e-04
9.2830770881846547e-04
9.3006883980706334e-04
9.3177554663270712e-04
9.3280448345467448e-04
9.3294534599408507e-04
9.3158020172268152e-04
9.2906970530748367e-04
9.2575442977249622e-04
9.2271529138088226e-04
9.2067732475697994e-04
9.2004140606150031e-04
9.2061713803559542e-04
9.2185445828363299e-04
9.2310190666466951e-04
9.2381081776693463e-04
9.2375226086005569e-04
9.2295510694384575e-04
9.2178618069738150e-04
9.2064595082774758e-04
9.1989728389307857e-04
9.1967277694493532e-04
9.1989815700799227e-04
9.2035462148487568e-04
9.2078978195786476e-04
9.2101230984553695e-04
9.2093768762424588e-04
9.2061358736827970e-04
9.2015921836718917e-04
9.1972830705344677e-04
9.1943290317431092e-04
9.1932056238874793e-04
9.1936788521707058e-04
9.1950647765770555e-04
9.1965420870110393e-04
9.1974402312189341e-04
9.1974256793037057e-04
9.1964978491887450e-04
9.1949460329487920e-04
9.1931730275973678e-04
9.1915717348456383e-04
9.1904000146314502e-04
9.1897626407444477e-04
9.1895955847576261e-04
9.1897440142929554e-04
9.1900100233033299e-04
9.1902154963463545e-04
9.1902446001768112e-04
9.1900414554402232e-04
9.1896182857453823e-04
9.1890292242169380e-04
9.1883540153503418e-04
9.1876642545685172e-04
9.1870303731411695e-04
9.1864826390519738e-04
9.1860408429056406e-04
9.1857003280892968e-04
9.1854378115385771e-04
9.1852294281125069e-04
9.1850501485168934e-04
9.1848714509978890e-04
9.1846805298700929e-04
9.1844686539843678e-04
9.1842282563447952e-04
9.1839605011045933e-04
9.1836723731830716e-04
9.1833679471164942e-04
9.1830483870580792e-04
9.1827294090762734e-04
9.1824075207114220e-04
9.1820943634957075e-04
9.1817945940420032e-04
9.1815157793462276e-04
9.1812573373317719e-04
9.1810338199138641e-04
9.1808510478585958e-04
9.1807317221537232e-04
9.1806880664080381e-04
9.1807666467502713e-04
9.1809913283213973e-04
9.1814604820683599e-04
9.1822125250473619e-04
9.1834570048376918e-04
9.1852061450481415e-04
9.1878836974501610e-04
9.1912969946861267e-04
9.1961584985256195e-04
9.2014239635318518e-04
9.2079699970781803e-04
9.2126632807776332e-04
9.2164461966603994e-04
9.2147116083651781e-04
9.2101428890600801e-04
9.2018832219764590e-04
9.1951631475239992e-04
9.1926608001813293e-04
9.1967539628967643e-04
9.2071172548457980e-04
9.2216080520302057e-04
9.2383206356316805e-04
9.2536443844437599e-04
9.2680187663063407e-04
9.2784268781542778e-04
9.2861260054633021e-04
9.2873466201126575e-04
9.2801480786874890e-04
9.2624453827738762e-04
9.2357699759304523e-04
9.2070188838988543e-04
9.1839389642700553e-04
9.1727491235360503e-04
9.1742782387882471e-04
9.1847724979743361e-04
9.1978808632120490e-04
9.2072720872238278e-04
9.2088500969111919e-04
9.2022138414904475e-04
9.1903022257611156e-04
9.1781531227752566e-04
9.1699982294812799e-04
9.1676414012908936e-04
9.1701361816376448e-04
9.1748900013044477e-04
9.1791193699464202e-04
9.1809593141078949e-04
9.1798865469172597e-04
9.1765989782288671e-04
9.1724534286186099e-04
9.1688026441261172e-04
9.1664929641410708e-04
9.1656576842069626e-04
9.1659306781366467e-04
9.1667170636355877e-04
9.1674987925216556e-04
9.1679289471358061e-04
9.1678521130234003e-04
9.1672712005674839e-04
9.1662694467231631e-04
9.1650441754609346e-04
9.1637758305296302e-04
9.1626751236617565e-04
9.1618567239493132e-04
9.1613823315128684e-04
9.1612315736711025e-04
9.1613078257068992e-04
9.1614731354638934e-04
9.1615796554833651e-04
9.1615179553627968e-04
9.1612327378243208e-04
9.1607501963153481e-04
9.1601256281137466e-04
9.1594556579366326e-04
9.1588153736665845e-04
9.1582647291943431e-04
9.1578235151246190e-04
9.1574899852275848e-04
9.1572385281324387e-04
9.1570324730128050e-04
9.1568415518850088e-04
9.1566436458379030e-04
9.1564276954159141e-04
9.1561919543892145e-04
9.1559410793706775e-04
9.1556756524369121e-04
9.1554044047370553e-04
9.1551238438114524e-04
9.1548368800431490e-04
9.1545452596619725e-04
9.1542489826679230e-04
9.1539451386779547e-04
9.1536343097686768e-04
9.1533211525529623e-04
9.1530085774138570e-04
9.1526994947344065e-04
9.1523962328210473e-04
9.1520999558269978e-04
9.1518124099820852e-04
9.1515347594395280e-04
9.1512652579694986e-04
9.1510039055719972e-04
9.1507553588598967e-04
9.1505172895267606e-04
9.1502990107983351e-04
9.1500987764447927e-04
9.1499288100749254e-04
9.1497943503782153e-04
9.1497140238061547e-04
9.1497070388868451e-04
9.1498042456805706e-04
9.1500446433201432e-04
9.1504922602325678e-04
9.1512303333729506e-04
9.1523909941315651e-04
9.1541418805718422e-04
9.1567647177726030e-04
9.1605953639373183e-04
9.1662013437598944e-04
9.1741723008453846e-04
9.1855070786550641e-04
9.2008837964385748e-04
9.2214473988860846e-04
9.2464557383209467e-04
9.2750909971073270e-04
9.3008740805089474e-04
9.3178712995722890e-04
9.3138404190540314e-04
9.2873501125723124e-04
9.2408864293247461e-04
9.1930822236463428e-04
9.1600290033966303e-04
9.1515871463343501e-04
9.1635104035958648e-04
9.1837724903598428e-04
9.1986142797395587e-04
9.1992929810658097e-04
9.1859081294387579e-04
9.1657711891457438e-04
9.1494078515097499e-04
9.1434683417901397e-04
9.1481173876672983e-04
9.1578369028866291e-04
9.1657752636820078e-04
9.1669341782107949e-04
9.1608730144798756e-04
9.1509049525484443e-04
9.1420405078679323e-04
9.1379170771688223e-04
9.1391307068988681e-04
9.1435201466083527e-04
9.1477925889194012e-04
9.1494311345741153e-04
9.1476488159969449e-04
9.1435736976563931e-04
9.1391935711726546e-04
9.1363186948001385e-04
9.1356498887762427e-04
9.1367203276604414e-04
9.1383716790005565e-04
9.1394467744976282e-04
9.1393111506476998e-04
9.1380253434181213e-04
9.1361615341156721e-04
9.1344449901953340e-04
9.1333966702222824e-04
9.1331452131271362e-04
9.1334653552621603e-04
9.1339467326179147e-04
9.1342022642493248e-04
9.1340119251981378e-04
9.1333821183070540e-04
9.1324787354096770e-04
9.1315474128350616e-04
9.1307959519326687e-04
9.1303244698792696e-04
9.1301219072192907e-04
9.1300881467759609e-04
9.1300916392356157e-04
9.1300229541957378e-04
9.1298151528462768e-04
9.1294682351872325e-04
9.1290229465812445e-04
9.1285409871488810e-04
9.1280776541680098e-04
9.1276818420737982e-04
9.1273622820153832e-04
9.1271137353032827e-04
9.1269100084900856e-04
9.1267237439751625e-04
9.1265281662344933e-04
9.1263058129698038e-04
9.1260502813383937e-04
9.1257662279531360e-04
9.1254623839631677e-04
9.1251509729772806e-04
9.1248477110639215e-04
9.1245595831423998e-04
9.1242988128215075e-04
9.1240677284076810e-04
9.1238744789734483e-04
9.1237161541357636e-04
9.1236078878864646e-04
9.1235549189150333e-04
9.1235834406688809e-04
9.1237016022205353e-04
9.1239751782268286e-04
9.1244239592924714e-04
9.1251742560416460e-04
9.1262493515387177e-04
9.1279071057215333e-04
9.1300922213122249e-04
9.1332895681262016e-04
9.1370870359241962e-04
9.1422419063746929e-04
9.1472215717658401e-04
9.1529259225353599e-04
9.1558299027383327e-04
9.1571826487779617e-04
9.1531558427959681e-04
9.1469107428565621e-04
9.1384904226288199e-04
9.1320025967434049e-04
9.1290101408958435e-04
9.1301795328035951e-04
9.1342139057815075e-04
9.1389048611745238e-04
9.1423979029059410e-04
9.1429485473781824e-04
9.1410969616845250e-04
9.1374531621113420e-04
9.1339874779805541e-04
9.1318483464419842e-04
9.1314094606786966e-04
9.1322750085964799e-04
9.1332301963120699e-04
9.1335905017331243e-04
9.1324310051277280e-04
9.1302325017750263e-04
9.1272254940122366e-04
9.1244489885866642e-04
9.1223581694066525e-04
9.1211899416521192e-04
9.1206590877845883e-04
9.1202999465167522e-04
9.1196951689198613e-04
9.1186340432614088e-04
9.1172353131696582e-04
9.1157347196713090e-04
9.1144419275224209e-04
9.1135315597057343e-04
9.1130321379750967e-04
9.1128383064642549e-04
9.1127649648115039e-04
9.1126712504774332e-04
9.1124436585232615e-04
9.1121275909245014e-04
9.1117736883461475e-04
9.1115303803235292e-04
9.1114838141947985e-04
9.1117079136893153e-04
9.1122230514883995e-04
9.1130362125113606e-04
9.1141543816775084e-04
9.1156316921114922e-04
9.1175502166152000e-04
9.1200694441795349e-04
9.1233599232509732e-04
9.1277010506018996e-04
9.1332639567553997e-04
9.1403786791488528e-04
9.1489619808271527e-04
9.1591716045513749e-04
9.1700645862147212e-04
9.1811415040865541e-04
9.1898656683042645e-04
9.1949733905494213e-04
9.1930513735860586e-04
9.1840774985030293e-04
9.1675115982070565e-04
9.1472850181162357e-04
9.1270875418558717e-04
9.1115682153031230e-04
9.1030693147331476e-04
9.1018236707895994e-04
9.1060582781210542e-04
9.1130234068259597e-04
9.1199664166197181e-04
9.1246428200975060e-04
9.1259990585967898e-04
9.1237440938130021e-04
9.1188965598121285e-04
9.1126532061025500e-04
9.1066572349518538e-04
9.1019761748611927e-04
9.0992735931649804e-04
9.0985232964158058e-04
9.0992794139310718e-04
9.1008463641628623e-04
9.1025274014100432e-04
9.1037794481962919e-04
9.1042654821649194e-04
9.1039383551105857e-04
9.1028714086860418e-04
9.1013574274256825e-04
9.0996368089690804e-04
9.0980035020038486e-04
9.0966076822951436e-04
9.0955704217776656e-04
9.0948923025280237e-04
9.0945337433367968e-04
9.0944161638617516e-04
9.0944441035389900e-04
9.0945366537198424e-04
9.0946210548281670e-04
9.0946507407352328e-04
9.0945942793041468e-04
9.0944452676922083e-04
9.0941973030567169e-04
9.0938754146918654e-04
9.0934836771339178e-04
9.0930535225197673e-04
9.0925878612324595e-04
9.0921152150258422e-04
9.0916373301297426e-04
9.0911757433786988e-04
9.0907275443896651e-04
9.0903014643117785e-04
9.0898980852216482e-04
9.0895150788128376e-04
9.0891541913151741e-04
9.0888113481923938e-04
9.0884859673678875e-04
9.0881751384586096e-04
9.0878759510815144e-04
9.0875849127769470e-04
9.0873026056215167e-04
9.0870261192321777e-04
9.0867542894557118e-04
9.0864888625219464e-04
9.0862251818180084e-04
9.0859644114971161e-04
9.0857077157124877e-04
9.0854562586173415e-04
9.0852088760584593e-04
9.0849684784188867e-04
9.0847391402348876e-04
9.0845214435830712e-04
9.0843270299956203e-04
9.0841588098555803e-04
9.0840319171547890e-04
9.0839638141915202e-04
9.0839853510260582e-04
9.0841419296339154e-04
9.0844975784420967e-04
9.0851576533168554e-04
9.0862764045596123e-04
9.0881029609590769e-04
9.0909952996298671e-04
9.0955424821004272e-04
9.1025390429422259e-04
9.1132964007556438e-04
9.1293139848858118e-04
9.1529858764261007e-04
9.1856735525652766e-04
9.2290883185341954e-04
9.2777702957391739e-04
9.3242723960429430e-04
9.3446689425036311e-04
9.3268643831834197e-04
9.2605903046205640e-04
9.1789098223671317e-04
9.1159663861617446e-04
9.1006560251116753e-04
9.1252144193276763e-04
9.1618276201188564e-04
9.1790535952895880e-04
9.1626797802746296e-04
9.1248983517289162e-04
9.0922130038961768e-04
9.0847094543278217e-04
9.1003486886620522e-04
9.1214559506624937e-04
9.1289106057956815e-04
9.1169180814176798e-04
9.0946943964809179e-04
9.0781995095312595e-04
9.0768455993384123e-04
9.0874143643304706e-04
9.0987706789746881e-04
9.1010733740404248e-04
9.0930133592337370e-04
9.0809911489486694e-04
9.0733607066795230e-04
9.0738013386726379e-04
9.0795475989580154e-04
9.0847030514851213e-04
9.0850249398499727e-04
9.0806063963100314e-04
9.0748659567907453e-04
9.0714899124577641e-04
9.0717815328389406e-04
9.0742669999599457e-04
9.0763042680919170e-04
9.0761564206331968e-04
9.0739526785910130e-04
9.0712372912093997e-04
9.0695911785587668e-04
9.0695713879540563e-04
9.0705644106492400e-04
9.0714014368131757e-04
9.0712669771164656e-04
9.0701330918818712e-04
9.0686429757624865e-04
9.0675539104267955e-04
9.0672343503683805e-04
9.0675248065963387e-04
9.0679281856864691e-04
9.0679858112707734e-04
9.0675288811326027e-04
9.0667256154119968e-04
9.0659054694697261e-04
9.0653460938483477e-04
9.0651295613497496e-04
9.0651406208053231e-04
9.0651679784059525e-04
9.0650410857051611e-04
9.0647104661911726e-04
9.0642401482909918e-04
9.0637546963989735e-04
9.0633571380749345e-04
9.0630905469879508e-04
9.0629223268479109e-04
9.0627785539254546e-04
9.0625917073339224e-04
9.0623297728598118e-04
9.0619985712692142e-04
9.0616440866142511e-04
9.0613076463341713e-04
9.0610177721828222e-04
9.0607756283134222e-04
9.0605678269639611e-04
9.0603623539209366e-04
9.0601388365030289e-04
9.0598862152546644e-04
9.0596079826354980e-04
9.0593163622543216e-04
9.0590241597965360e-04
9.0587441809475422e-04
9.0584805002436042e-04
9.0582319535315037e-04
9.0579909738153219e-04
9.0577511582523584e-04
9.0575049398466945e-04
9.0572511544451118e-04
9.0569892199710011e-04
9.0567220468074083e-04
9.0564560377970338e-04
9.0561917750164866e-04
9.0559286763891578e-04
9.0556743089109659e-04
9.0554211055859923e-04
9.0551702305674553e-04
9.0549216838553548e-04
9.0546713909134269e-04
9.0544170234352350e-04
9.0541614918038249e-04
9.0539047960191965e-04
9.0536457719281316e-04
9.0533873299136758e-04
9.0531300520524383e-04
9.0528716100379825e-04
9.0526184067130089e-04
9.0523622930049896e-04
9.0521079255267978e-04
9.0518535580486059e-04
9.0516003547236323e-04
9.0513483155518770e-04
9.0510980226099491e-04
9.0508465655148029e-04
9.0506003471091390e-04
9.0503535466268659e-04
9.0501119848340750e-04
9.0498803183436394e-04
9.0496573830023408e-04
9.0494524920359254e-04
9.0492737945169210e-04
9.0491370065137744e-04
9.0490665752440691e-04
9.0491014998406172e-04
9.0492924209684134e-04
9.0497580822557211e-04
9.0506119886413217e-04
9.0521585661917925e-04
9.0546387946233153e-04
9.0588169405236840e-04
9.0649310732260346e-04
9.0746110072359443e-04
9.0865581296384335e-04
9.1027509188279510e-04
9.1146450722590089e-04
9.1226393124088645e-04
9.1115245595574379e-04
9.0901221847161651e-04
9.0631592320278287e-04
9.0474745957180858e-04
9.0484885731711984e-04
9.0608454775065184e-04
9.0735539561137557e-04
9.0754480333998799e-04
9.0670620556920767e-04
9.0541335521265864e-04
9.0475560864433646e-04
9.0509984875097871e-04
9.0598873794078827e-04
9.0667983749881387e-04
9.0666714822873473e-04
9.0629816986620426e-04
9.0613641077652574e-04
9.0663641458377242e-04
9.0768298832699656e-04
9.0881570940837264e-04
9.0977235231548548e-04
9.1050128685310483e-04
9.1125175822526217e-04
9.1216620057821274e-04
9.1293390141800046e-04
9.1327907284721732e-04
9.1263634385541081e-04
9.1113388771191239e-04
9.0899952920153737e-04
9.0687099145725369e-04
9.0522045502439141e-04
9.0426934184506536e-04
9.0398231986910105e-04
9.0419995831325650e-04
9.0475479373708367e-04
9.0545148123055696e-04
9.0606871526688337e-04
9.0637023095041513e-04
9.0624816948547959e-04
9.0573786292225122e-04
9.0503692626953125e-04
9.0436008758842945e-04
9.0386171359568834e-04
9.0359227033331990e-04
9.0352742699906230e-04
9.0360688045620918e-04
9.0376957086846232e-04
9.0395746519789100e-04
9.0411503333598375e-04
9.0419460320845246e-04
9.0416194871068001e-04
9.0402603382244706e-04
9.0381875634193420e-04
9.0359908062964678e-04
9.0341101167723536e-04
9.0327713405713439e-04
9.0319663286209106e-04
9.0315827401354909e-04
9.0315128909423947e-04
9.0316648129373789e-04
9.0319529408589005e-04
9.0322684263810515e-04
9.0324907796457410e-04
9.0325321070849895e-04
9.0323539916425943e-04
9.0319791343063116e-04
9.0314738918095827e-04
9.0309046208858490e-04
9.0303306933492422e-04
9.0297660790383816e-04
9.0292218374088407e-04
9.0286968043074012e-04
9.0282130986452103e-04
9.0277841081842780e-04
9.0274208923801780e-04
9.0271147200837731e-04
9.0268504573032260e-04
9.0266106417402625e-04
9.0263818856328726e-04
9.0261595323681831e-04
9.0259464923292398e-04
9.0257480042055249e-04
9.0255605755373836e-04
9.0253830421715975e-04
9.0252119116485119e-04
9.0250483481213450e-04
9.0248894412070513e-04
9.0247474145144224e-04
9.0246257605031133e-04
9.0245355386286974e-04
9.0244872262701392e-04
9.0244947932660580e-04
9.0245739556849003e-04
9.0247555635869503e-04
9.0250693028792739e-04
9.0255780378356576e-04
9.0263463789597154e-04
9.0274866670370102e-04
9.0291287051513791e-04
9.0314872795715928e-04
9.0348097728565335e-04
9.0395018924027681e-04
9.0459542116150260e-04
9.0548477601259947e-04
9.0665963944047689e-04
9.0819381875917315e-04
9.1004435671493411e-04
9.1217126464471221e-04
9.1420277021825314e-04
9.1578759020194411e-04
9.1612915275618434e-04
9.1492943465709686e-04
9.1197981964796782e-04
9.0816750889644027e-04
9.0457563055679202e-04
9.0234115486964583e-04
9.0186734450981021e-04
9.0283044846728444e-04
9.0443884255364537e-04
9.0581818949431181e-04
9.0638012625277042e-04
9.0590229956433177e-04
9.0469134738668799e-04
9.0324966004118323e-04
9.0214377269148827e-04
9.0166414156556129e-04
9.0180488768965006e-04
9.0231565991416574e-04
9.0286380145698786e-04
9.0318202273920178e-04
9.0313883265480399e-04
9.0278702555224299e-04
9.0227322652935982e-04
9.0179569087922573e-04
9.0148416347801685e-04
9.0138957602903247e-04
9.0146961156278849e-04
9.0163381537422538e-04
9.0178451500833035e-04
9.0184994041919708e-04
9.0180832194164395e-04
9.0167328016832471e-04
9.0149306925013661e-04
9.0131361503154039e-04
9.0117647778242826e-04
9.0109929442405701e-04
9.0108049334958196e-04
9.0110214659944177e-04
9.0113951591774821e-04
9.0116879437118769e-04
9.0117339277639985e-04
9.0114807244390249e-04
9.0109393931925297e-04
9.0102216927334666e-04
9.0094387996941805e-04
9.0087228454649448e-04
9.0081483358517289e-04
9.0077536879107356e-04
9.0075313346460462e-04
9.0074329636991024e-04
9.0073974570259452e-04
9.0073613682761788e-04
9.0072798775509000e-04
9.0071174781769514e-04
9.0068753343075514e-04
9.0065586846321821e-04
9.0061937225982547e-04
9.0058025671169162e-04
9.0054149040952325e-04
9.0050464496016502e-04
9.0047100093215704e-04
9.0044108219444752e-04
9.0041436487808824e-04
9.0039032511413097e-04
9.0036838082596660e-04
9.0034754248335958e-04
9.0032705338671803e-04
9.0030644787475467e-04
9.0028555132448673e-04
9.0026418911293149e-04
9.0024241944774985e-04
9.0022047515958548e-04
9.0019789058715105e-04
9.0017542243003845e-04
9.0015301248058677e-04
9.0013054432347417e-04
9.0010848361998796e-04
9.0008671395480633e-04
9.0006546815857291e-04
9.0004497906193137e-04
9.0002507204189897e-04
9.0000621275976300e-04
8.9998904149979353e-04
8.9997361646965146e-04
8.9996046153828502e-04
8.9995085727423429e-04
8.9994590962305665e-04
8.9994701556861401e-04
8.9995632879436016e-04
8.9997722534462810e-04
9.0001436183229089e-04
9.0007443213835359e-04
9.0016529429703951e-04
9.0030091814696789e-04
9.0049742721021175e-04
9.0078398352488875e-04
9.0119079686701298e-04
9.0177415404468775e-04
9.0258294949308038e-04
9.0371584519743919e-04
9.0521556558087468e-04
9.0720440493896604e-04
9.0957258362323046e-04
9.1230875113978982e-04
9.1476913075894117e-04
9.1656873701140285e-04
9.1646687360480428e-04
9.1438024537637830e-04
9.1013719793409109e-04
9.0533506590873003e-04
9.0139935491606593e-04
8.9960632612928748e-04
9.0003601508215070e-04
9.0187438763678074e-04
9.0389949036762118e-04
9.0500887017697096e-04
9.0474291937425733e-04
9.0324302436783910e-04
9.0132548939436674e-04
8.9980469783768058e-04
8.9922250481322408e-04
8.9955795556306839e-04
9.0038805501535535e-04
9.0115540660917759e-04
9.0143462875857949e-04
9.0111588360741735e-04
9.0037466725334525e-04
8.9957920135930181e-04
8.9904759079217911e-04
8.9892576215788722e-04
8.9914363343268633e-04
8.9949683751910925e-04
8.9976453455165029e-04
8.9980685152113438e-04
8.9961371850222349e-04
8.9927855879068375e-04
8.9894275879487395e-04
8.9872034732252359e-04
8.9865777408704162e-04
8.9872715761885047e-04
8.9885579654946923e-04
8.9896400459110737e-04
8.9899642625823617e-04
8.9893833501264453e-04
8.9881202438846231e-04
8.9866138296201825e-04
8.9852971723303199e-04
8.9844519970938563e-04
8.9841487351804972e-04
8.9842610759660602e-04
8.9845590991899371e-04
8.9848117204383016e-04
8.9848443167284131e-04
8.9846004266291857e-04
8.9841190492734313e-04
8.9834991376847029e-04
8.9828635100275278e-04
8.9823082089424133e-04
8.9818926062434912e-04
8.9816225226968527e-04
8.9814688544720411e-04
8.9813768863677979e-04
8.9812919031828642e-04
8.9811754878610373e-04
8.9809967903420329e-04
8.9807540643960238e-04
8.9804560411721468e-04
8.9801207650452852e-04
8.9797721011564136e-04
8.9794315863400698e-04
8.9791120262816548e-04
8.9788204059004784e-04
8.9785619638860226e-04
8.9783279690891504e-04
8.9781137648969889e-04
8.9779100380837917e-04
8.9777132961899042e-04
8.9775118976831436e-04
8.9773070067167282e-04
8.9770957129076123e-04
8.9768756879493594e-04
8.9766480959951878e-04
8.9764129370450974e-04
8.9761760318651795e-04
8.9759350521489978e-04
8.9756946545094252e-04
8.9754536747932434e-04
8.9752185158431530e-04
8.9749851031228900e-04
8.9747592573985457e-04
8.9745415607467294e-04
8.9743360877037048e-04
8.9741474948823452e-04
8.9739827672019601e-04
8.9738558745011687e-04
8.9737772941589355e-04
8.9737755479291081e-04
8.9738826500251889e-04
8.9741725241765380e-04
8.9747039601206779e-04
8.9756533270701766e-04
8.9771352941170335e-04
8.9795619715005159e-04
8.9830427896231413e-04
8.9884555200114846e-04
8.9953542919829488e-04
9.0051331790164113e-04
9.0146297588944435e-04
9.0249843196943402e-04
9.0277480194345117e-04
9.0252270456403494e-04
9.0120232198387384e-04
8.9975399896502495e-04
8.9871458476409316e-04
8.9872925309464335e-04
8.9979276526719332e-04
9.0147228911519051e-04
9.0328796068206429e-04
9.0462865773588419e-04
9.0572453336790204e-04
9.0658286353573203e-04
9.0779905440285802e-04
9.0909691061824560e-04
9.0988312149420381e-04
9.0932130115106702e-04
9.0680405264720321e-04
9.0309057850390673e-04
8.9945830404758453e-04
8.9722400298342109e-04
8.9682458201423287e-04
8.9778593974187970e-04
8.9923851191997528e-04
9.0034934692084789e-04
9.0069061843678355e-04
9.0027361875399947e-04
8.9935032883659005e-04
8.9834519894793630e-04
8.9749373728409410e-04
8.9694088092073798e-04
8.9670560555532575e-04
8.9680694509297609e-04
8.9717115042731166e-04
8.9761056005954742e-04
8.9788500918075442e-04
8.9782150462269783e-04
8.9744653087109327e-04
8.9691177709028125e-04
8.9644471881911159e-04
8.9618854690343142e-04
8.9617242338135839e-04
8.9632021263241768e-04
8.9650670997798443e-04
8.9663045946508646e-04
8.9664105325937271e-04
8.9656154159456491e-04
8.9643336832523346e-04
8.9629617286846042e-04
8.9616636978462338e-04
8.9605076937004924e-04
8.9596159523352981e-04
8.9591165306046605e-04
8.9590612333267927e-04
8.9593435404822230e-04
8.9597294572740793e-04
8.9599878992885351e-04
8.9599494822323322e-04
8.9595862664282322e-04
8.9589733397588134e-04
8.9582568034529686e-04
8.9575845049694180e-04
8.9570460841059685e-04
8.9566508540883660e-04
8.9563563233241439e-04
8.9561153436079621e-04
8.9559133630245924e-04
8.9557486353442073e-04
8.9556246530264616e-04
8.9555187150835991e-04
8.9554098667576909e-04
8.9552690042182803e-04
8.9550804113969207e-04
8.9548405958339572e-04
8.9545617811381817e-04
8.9542602654546499e-04
8.9539546752348542e-04
8.9536630548536777e-04
8.9533859863877296e-04
8.9531193953007460e-04
8.9528528042137623e-04
8.9525885414332151e-04
8.9523271890357137e-04
8.9520699111744761e-04
8.9518219465389848e-04
8.9515827130526304e-04
8.9513551210984588e-04
8.9511304395273328e-04
8.9509121607989073e-04
8.9506909716874361e-04
8.9504709467291832e-04
8.9502480113878846e-04
8.9500244939699769e-04
8.9498038869351149e-04
8.9495832799002528e-04
8.9493679115548730e-04
8.9491531252861023e-04
8.9489418314769864e-04
8.9487299555912614e-04
8.9485209900885820e-04
8.9483126066625118e-04
8.9481112081557512e-04
8.9479162124916911e-04
8.9477305300533772e-04
8.9475617278367281e-04
8.9474167907610536e-04
8.9473038678988814e-04
8.9472386753186584e-04
8.9472421677783132e-04
8.9473539264872670e-04
8.9476240100339055e-04
8.9481344912201166e-04
8.9490140089765191e-04
8.9504569768905640e-04
8.9527585078030825e-04
8.9563935762271285e-04
8.9620391372591257e-04
8.9707970619201660e-04
8.9840381406247616e-04
9.0039556380361319e-04
9.0323784388601780e-04
9.0716517297551036e-04
9.1193855041638017e-04
9.1705302475020289e-04
9.2052196851000190e-04
9.2059525195509195e-04
9.1537082334980369e-04
9.0682884911075234e-04
8.9867709903046489e-04
8.9497381122782826e-04
8.9639791985973716e-04
9.0052286395803094e-04
9.0377172455191612e-04
9.0367399388924241e-04
9.0054166503250599e-04
8.9670054148882627e-04
8.9479080634191632e-04
8.9550705160945654e-04
8.9756131637841463e-04
8.9892366668209434e-04
8.9846347691491246e-04
8.9660339290276170e-04
8.9475489221513271e-04
8.9412799570709467e-04
8.9481862960383296e-04
8.9595373719930649e-04
8.9647644199430943e-04
8.9598674094304442e-04
8.9488556841388345e-04
8.9398113777860999e-04
8.9380051940679550e-04
8.9425779879093170e-04
8.9483446208760142e-04
8.9502823539078236e-04
8.9471612591296434e-04
8.9414959074929357e-04
8.9372007641941309e-04
8.9364382438361645e-04
8.9385494356974959e-04
8.9410715736448765e-04
8.9418055722489953e-04
8.9402589946985245e-04
8.9375796960666776e-04
8.9354708325117826e-04
8.9349038898944855e-04
8.9356541866436601e-04
8.9366984320804477e-04
8.9370389468967915e-04
8.9363282313570380e-04
8.9349830523133278e-04
8.9337397366762161e-04
8.9331460185348988e-04
8.9332461357116699e-04
8.9336663950234652e-04
8.9339207625016570e-04
8.9337141253054142e-04
8.9330814080312848e-04
8.9322985149919987e-04
8.9316716184839606e-04
8.9313648641109467e-04
8.9313375065103173e-04
8.9314085198566318e-04
8.9313881471753120e-04
8.9311768533661962e-04
8.9307967573404312e-04
8.9303462300449610e-04
8.9299492537975311e-04
8.9296721853315830e-04
8.9295068755745888e-04
8.9293997734785080e-04
8.9292752090841532e-04
8.9290837058797479e-04
8.9288200251758099e-04
8.9285150170326233e-04
8.9282100088894367e-04
8.9279381791129708e-04
8.9277140796184540e-04
8.9275295613333583e-04
8.9273601770401001e-04
8.9271826436743140e-04
8.9269824093207717e-04
8.9267524890601635e-04
8.9265068527311087e-04
8.9262559777125716e-04
8.9260103413835168e-04
8.9257827494293451e-04
8.9255662169307470e-04
8.9253607438877225e-04
8.9251610916107893e-04
8.9249591110274196e-04
8.9247454889118671e-04
8.9245266281068325e-04
8.9242990361526608e-04
8.9240714441984892e-04
8.9238455984741449e-04
8.9236214989796281e-04
8.9234020560979843e-04
8.9231861056759953e-04
8.9229753939434886e-04
8.9227635180577636e-04
8.9225516421720386e-04
8.9223397662863135e-04
8.9221232337877154e-04
8.9219055371358991e-04
8.9216872584074736e-04
8.9214689796790481e-04
8.9212507009506226e-04
8.9210335863754153e-04
8.9208170538768172e-04
8.9206022676080465e-04
8.9203898096457124e-04
8.9201779337599874e-04
8.9199718786403537e-04
8.9197640772908926e-04
8.9195632608607411e-04
8.9193700114265084e-04
8.9191854931414127e-04
8.9190137805417180e-04
8.9188653510063887e-04
8.9187524281442165e-04
8.9186901459470391e-04
8.9187070261687040e-04
8.9188513811677694e-04
8.9191831648349762e-04
8.9198304340243340e-04
8.9209154248237610e-04
8.9227739954367280e-04
8.9256314095109701e-04
8.9303107233718038e-04
8.9369411580264568e-04
8.9472328545525670e-04
8.9596159523352981e-04
8.9763314463198185e-04
8.9891086099669337e-04
8.9996622409671545e-04
8.9944811770692468e-04
8.9829007629305124e-04
8.9673150796443224e-04
8.9620321523398161e-04
8.9694600319489837e-04
8.9846632909029722e-04
8.9970079716295004e-04
8.9956494048237801e-04
8.9813536033034325e-04
8.9593150187283754e-04
8.9415354887023568e-04
8.9332606876268983e-04
8.9316704543307424e-04
8.9308124734088778e-04
8.9258811203762889e-04
8.9194165775552392e-04
8.9157134061679244e-04
8.9177995687350631e-04
8.9240644592791796e-04
8.9299154933542013e-04
8.9321058476343751e-04
8.9294929057359695e-04
8.9250266319140792e-04
8.9214602485299110e-04
8.9200428919866681e-04
8.9195789769291878e-04
8.9181109797209501e-04
8.9150900021195412e-04
8.9115748414769769e-04
8.9093559654429555e-04
8.9091691188514233e-04
8.9102901984006166e-04
8.9113845024257898e-04
8.9116062736138701e-04
8.9111452689394355e-04
8.9106609812006354e-04
8.9106877567246556e-04
8.9111848501488566e-04
8.9116668095812201e-04
8.9117040624842048e-04
8.9111342094838619e-04
8.9102820493280888e-04
8.9095212751999497e-04
8.9091027621179819e-04
8.9089275570586324e-04
8.9087209198623896e-04
8.9082977501675487e-04
8.9076725998893380e-04
8.9070381363853812e-04
8.9065672364085913e-04
8.9062965707853436e-04
8.9061405742540956e-04
8.9059647871181369e-04
8.9057185687124729e-04
8.9054112322628498e-04
8.9051283430308104e-04
8.9049403322860599e-04
8.9048751397058368e-04
8.9049106463789940e-04
8.9050002861768007e-04
8.9051236864179373e-04
8.9053140254691243e-04
8.9056295109912753e-04
8.9061696780845523e-04
8.9070072863250971e-04
8.9082337217405438e-04
8.9099316392093897e-04
8.9122774079442024e-04
8.9154572924599051e-04
8.9198345085605979e-04
8.9256948558613658e-04
8.9336110977455974e-04
8.9438096620142460e-04
8.9568557450547814e-04
8.9722691336646676e-04
8.9897762518376112e-04
9.0066005941480398e-04
9.0203934814780951e-04
9.0252712834626436e-04
9.0189656475558877e-04
8.9984771329909563e-04
8.9690525783225894e-04
8.9371594367548823e-04
8.9122477220371366e-04
8.8996294653043151e-04
8.8999897707253695e-04
8.9095445582643151e-04
8.9223671238869429e-04
8.9328765170648694e-04
8.9369498891755939e-04
8.9338026009500027e-04
8.9246180141344666e-04
8.9131976710632443e-04
8.9030934032052755e-04
8.8971015065908432e-04
8.8959687855094671e-04
8.8987016351893544e-04
8.9032505638897419e-04
8.9073664275929332e-04
8.9094840222969651e-04
8.9088623644784093e-04
8.9059979654848576e-04
8.9018756989389658e-04
8.8978675194084644e-04
8.8949629571288824e-04
8.8936538668349385e-04
8.8938319822773337e-04
8.8949728524312377e-04
8.8963925372809172e-04
8.8974874233826995e-04
8.8978983694687486e-04
8.8975130347535014e-04
8.8964978931471705e-04
8.8951154612004757e-04
8.8936940301209688e-04
8.8924873853102326e-04
8.8916468666866422e-04
8.8912114733830094e-04
8.8911206694319844e-04
8.8912551291286945e-04
8.8914827210828662e-04
8.8916806271299720e-04
8.8917626999318600e-04
8.8916864478960633e-04
8.8914454681798816e-04
8.8910694466903806e-04
8.8906014570966363e-04
8.8900956325232983e-04
8.8895938824862242e-04
8.8891346240416169e-04
8.8887370657175779e-04
8.8884070282801986e-04
8.8881416013464332e-04
8.8879297254607081e-04
8.8877580128610134e-04
8.8876119116321206e-04
8.8874780340120196e-04
8.8873464846983552e-04
8.8872108608484268e-04
8.8870705803856254e-04
8.8869198225438595e-04
8.8867585873231292e-04
8.8865915313363075e-04
8.8864157442003489e-04
8.8862382108345628e-04
8.8860548567026854e-04
8.8858726667240262e-04
8.8856928050518036e-04
8.8855193462222815e-04
8.8853552006185055e-04
8.8852026965469122e-04
8.8850641623139381e-04
8.8849489111453295e-04
8.8848592713475227e-04
8.8848063023760915e-04
8.8847981533035636e-04
8.8848522864282131e-04
8.8849838357418776e-04
8.8852265616878867e-04
8.8856136426329613e-04
8.8862032862380147e-04
8.8870577747002244e-04
8.8882946874946356e-04
8.8900304399430752e-04
8.8924885494634509e-04
8.8958773994818330e-04
8.9006050257012248e-04
8.9069968089461327e-04
8.9157267939299345e-04
8.9270825264975429e-04
8.9418934658169746e-04
8.9596107136458158e-04
8.9803605806082487e-04
9.0005714446306229e-04
9.0180593542754650e-04
9.0248772175982594e-04
9.0187875321134925e-04
8.9950137771666050e-04
8.9607387781143188e-04
8.9234177721664310e-04
8.8952353689819574e-04
8.8820717064663768e-04
8.8842364493757486e-04
8.8962988229468465e-04
8.9106085943058133e-04
8.9205056428909302e-04
8.9218874927610159e-04
8.9151551946997643e-04
8.9031388051807880e-04
8.8910170597955585e-04
8.8824436534196138e-04
8.8794127805158496e-04
8.8811374735087156e-04
8.8854104978963733e-04
8.8895496446639299e-04
8.8915409287437797e-04
8.8906753808259964e-04
8.8874122593551874e-04
8.8831956963986158e-04
8.8793860049918294e-04
8.8770489674061537e-04
8.8763609528541565e-04
8.8769651483744383e-04
8.8780833175405860e-04
8.8789931032806635e-04
8.8792172027751803e-04
8.8786392007023096e-04
8.8774698087945580e-04
8.8760547805577517e-04
8.8747730478644371e-04
8.8738522026687860e-04
8.8733772281557322e-04
8.8732555741444230e-04
8.8733376469463110e-04
8.8734348537400365e-04
8.8734203018248081e-04
8.8732264703139663e-04
8.8728585978969932e-04
8.8723679073154926e-04
8.8718306506052613e-04
8.8713242439553142e-04
8.8708964176476002e-04
8.8705669622868299e-04
8.8703312212601304e-04
8.8701630011200905e-04
8.8700238848105073e-04
8.8698853505775332e-04
8.8697235332801938e-04
8.8695279555395246e-04
8.8692939607426524e-04
8.8690296979621053e-04
8.8687479728832841e-04
8.8684580987319350e-04
8.8681734632700682e-04
8.8679016334936023e-04
8.8676478480920196e-04
8.8674132712185383e-04
8.8671961566433311e-04
8.8669941760599613e-04
8.8668038370087743e-04
8.8666181545704603e-04
8.8664377108216286e-04
8.8662572670727968e-04
8.8660762412473559e-04
8.8658940512686968e-04
8.8657083688303828e-04
8.8655203580856323e-04
8.8653311831876636e-04
8.8651402620598674e-04
8.8649516692385077e-04
8.8647636584937572e-04
8.8645820505917072e-04
8.8643998606130481e-04
8.8642281480133533e-04
8.8640616741031408e-04
8.8639068417251110e-04
8.8637648150324821e-04
8.8636425789445639e-04
8.8635418796911836e-04
8.8634755229577422e-04
8.8634440908208489e-04
8.8634743588045239e-04
8.8635669089853764e-04
8.8637671433389187e-04
8.8640727335587144e-04
8.8645692449063063e-04
8.8652520207688212e-04
8.8662712369114161e-04
8.8675814913585782e-04
8.8694621808826923e-04
8.8717183098196983e-04
8.8748085545375943e-04
8.8781234808266163e-04
8.8823190890252590e-04
8.8859238894656301e-04
8.8897882960736752e-04
8.8915042579174042e-04
8.8924635201692581e-04
8.8908732868731022e-04
8.8893563952296972e-04
8.8885979494079947e-04
8.8917493121698499e-04
8.9007231872528791e-04
8.9173729065805674e-04
8.9429289801046252e-04
8.9759967522695661e-04
9.0159004321321845e-04
9.0519664809107780e-04
9.0781063772737980e-04
9.0736564015969634e-04
9.0378808090463281e-04
8.9732784545049071e-04
8.9070934336632490e-04
8.8649481767788529e-04
8.8595127454027534e-04
8.8832393521443009e-04
8.9154770830646157e-04
8.9359865523874760e-04
8.9322606800124049e-04
8.9083961211144924e-04
8.8782742386683822e-04
8.8583410251885653e-04
8.8561896700412035e-04
8.8679906912147999e-04
8.8830565800890326e-04
8.8908232282847166e-04
8.8871805928647518e-04
8.8747870177030563e-04
8.8613893603906035e-04
8.8538147974759340e-04
8.8544422760605812e-04
8.8605610653758049e-04
8.8669097749516368e-04
8.8692712597548962e-04
8.8663439964875579e-04
8.8602694449946284e-04
8.8544422760605812e-04
8.8515965035185218e-04
8.8522909209132195e-04
8.8550732471048832e-04
8.8577088899910450e-04
8.8584749028086662e-04
8.8570488151162863e-04
8.8542717276141047e-04
8.8515697279945016e-04
8.8500312995165586e-04
8.8499713456258178e-04
8.8509253691881895e-04
8.8520324788987637e-04
8.8525580940768123e-04
8.8521849829703569e-04
8.8510988280177116e-04
8.8497728575021029e-04
8.8487000903114676e-04
8.8481686543673277e-04
8.8481750572100282e-04
8.8484864681959152e-04
8.8487920584157109e-04
8.8488520123064518e-04
8.8485819287598133e-04
8.8480510748922825e-04
8.8474166113883257e-04
8.8468508329242468e-04
8.8464573491364717e-04
8.8462617713958025e-04
8.8462134590372443e-04
8.8462157873436809e-04
8.8461837731301785e-04
8.8460580445826054e-04
8.8458228856325150e-04
8.8455074001103640e-04
8.8451581541448832e-04
8.8448222959414124e-04
8.8445364963263273e-04
8.8443112326785922e-04
8.8441401021555066e-04
8.8440009858459234e-04
8.8438706006854773e-04
8.8437250815331936e-04
8.8435562793165445e-04
8.8433583732694387e-04
8.8431360200047493e-04
8.8428991148248315e-04
8.8426604634150863e-04
8.8424258865416050e-04
8.8422052795067430e-04
8.8419951498508453e-04
8.8418001541867852e-04
8.8416150538250804e-04
8.8414346100762486e-04
8.8412559125572443e-04
8.8410760508850217e-04
8.8408915325999260e-04
8.8407023577019572e-04
8.8405073620378971e-04
8.8403082918375731e-04
8.8401074754074216e-04
8.8399049127474427e-04
8.8397017680108547e-04
8.8394997874274850e-04
8.8392989709973335e-04
8.8390987366437912e-04
8.8389002485200763e-04
8.8387017603963614e-04
8.8385067647323012e-04
8.8383117690682411e-04
8.8381161913275719e-04
8.8379217777401209e-04
8.8377291103824973e-04
8.8375352788716555e-04
8.8373426115140319e-04
8.8371493620797992e-04
8.8369572767987847e-04
8.8367646094411612e-04
8.8365719420835376e-04
8.8363786926493049e-04
8.8361866073682904e-04
8.8359962683171034e-04
8.8358053471893072e-04
8.8356161722913384e-04
8.8354264153167605e-04
8.8352378224954009e-04
8.8350544683635235e-04
8.8348740246146917e-04
8.8346959091722965e-04
8.8345265248790383e-04
8.8343652896583080e-04
8.8342180242761970e-04
8.8340858928859234e-04
8.8339811190962791e-04
8.8339147623628378e-04
8.8338990462943912e-04
8.8339659851044416e-04
8.8341510854661465e-04
8.8345119729638100e-04
8.8351347949355841e-04
8.8361627422273159e-04
8.8377867359668016e-04
8.8403432164341211e-04
8.8442681590095162e-04
8.8503630831837654e-04
8.8595581473782659e-04
8.8736112229526043e-04
8.8940642308443785e-04
8.9240027591586113e-04
8.9637259952723980e-04
9.0149871539324522e-04
9.0671639190986753e-04
9.1106223408132792e-04
9.1143656754866242e-04
9.0706197079271078e-04
8.9799327543005347e-04
8.8871753541752696e-04
8.8342640083283186e-04
8.8389602024108171e-04
8.8824878912419081e-04
8.9267827570438385e-04
8.9409569045528769e-04
8.9149095583707094e-04
8.8696362217888236e-04
8.8349962607026100e-04
8.8298763148486614e-04
8.8493403745815158e-04
8.8729284470900893e-04
8.8817701907828450e-04
8.8698550825938582e-04
8.8474072981625795e-04
8.8301009964197874e-04
8.8275322923436761e-04
8.8372069876641035e-04
8.8486692402511835e-04
8.8524486636742949e-04
8.8460877304896712e-04
8.8349526049569249e-04
8.8267709361389279e-04
8.8258233154192567e-04
8.8305986719205976e-04
8.8359834626317024e-04
8.8375684572383761e-04
8.8343763491138816e-04
8.8289531413465738e-04
8.8248547399416566e-04
8.8240904733538628e-04
8.8260933989658952e-04
8.8286242680624127e-04
8.8295986643061042e-04
8.8283512741327286e-04
8.8257994502782822e-04
8.8234990835189819e-04
8.8225543731823564e-04
8.8230276014655828e-04
8.8241155026480556e-04
8.8248285464942455e-04
8.8246015366166830e-04
8.8235584553331137e-04
8.8222732301801443e-04
8.8213512208312750e-04
8.8210712419822812e-04
8.8213034905493259e-04
8.8216667063534260e-04
8.8217889424413443e-04
8.8215130381286144e-04
8.8209280511364341e-04
8.8202697224915028e-04
8.8197679724544287e-04
8.8195269927382469e-04
8.8194973068311810e-04
8.8195403805002570e-04
8.8195106945931911e-04
8.8193325791507959e-04
8.8190165115520358e-04
8.8186375796794891e-04
8.8182801846414804e-04
8.8180077727884054e-04
8.8178337318822742e-04
8.8177202269434929e-04
8.8176195276901126e-04
8.8174862321466208e-04
8.8172970572486520e-04
8.8170595699921250e-04
8.8168005459010601e-04
8.8165438501164317e-04
8.8163150940090418e-04
8.8161177700385451e-04
8.8159478036686778e-04
8.8157923892140388e-04
8.8156317360699177e-04
8.8154582772403955e-04
8.8152685202658176e-04
8.8150630472227931e-04
8.8148500071838498e-04
8.8146363850682974e-04
8.8144303299486637e-04
8.8142330059781671e-04
8.8140467414632440e-04
8.8138674618676305e-04
8.8136893464252353e-04
8.8135089026764035e-04
8.8133284589275718e-04
8.8131398661062121e-04
8.8129489449784160e-04
8.8127545313909650e-04
8.8125612819567323e-04
8.8123674504458904e-04
8.8121776934713125e-04
8.8119908468797803e-04
8.8118109852075577e-04
8.8116369443014264e-04
8.8114704703912139e-04
8.8113133097067475e-04
8.8111707009375095e-04
8.8110519573092461e-04
8.8109652278944850e-04
8.8109308853745461e-04
8.8109780335798860e-04
8.8111526565626264e-04
8.8115350808948278e-04
8.8122260058298707e-04
8.8134495308622718e-04
8.8154122931882739e-04
8.8186876382678747e-04
8.8235962903127074e-04
8.8314618915319443e-04
8.8420358952134848e-04
8.8575150584802032e-04
8.8734214659780264e-04
8.8911212515085936e-04
8.8967470219358802e-04
8.8935357052832842e-04
8.8746403343975544e-04
8.8561256416141987e-04
8.8464200962334871e-04
8.8499265257269144e-04
8.8598317233845592e-04
8.8635919382795691e-04
8.8563130702823400e-04
8.8375608902424574e-04
8.8193878764286637e-04
8.8103243615478277e-04
8.8118406711146235e-04
8.8177941506728530e-04
8.8204036001116037e-04
8.8178168516606092e-04
8.8127533672377467e-04
8.8107027113437653e-04
8.8133703684434295e-04
8.8181038154289126e-04
8.8210141984745860e-04
8.8197155855596066e-04
8.8158220751211047e-04
8.8120129657909274e-04
8.8102964218705893e-04
8.8104285532608628e-04
8.8105729082599282e-04
8.8094332022592425e-04
8.8069017510861158e-04
8.8043196592479944e-04
8.8029366452246904e-04
8.8030280312523246e-04
8.8037917157635093e-04
8.8041264098137617e-04
8.8036333909258246e-04
8.8026921730488539e-04
8.8020862312987447e-04
8.8022102136164904e-04
8.8028202299028635e-04
8.8033487554639578e-04
8.8034057989716530e-04
8.8030821643769741e-04
8.8027288438752294e-04
8.8026846060529351e-04
8.8029861217364669e-04
8.8034477084875107e-04
8.8038458488881588e-04
8.8041048729792237e-04
8.8043551659211516e-04
8.8047608733177185e-04
8.8055036030709743e-04
8.8066089665517211e-04
8.8080682326108217e-04
8.8098377455025911e-04
8.8119762949645519e-04
8.8146270718425512e-04
8.8179990416392684e-04
8.8222505291923881e-04
8.8275573216378689e-04
8.8337808847427368e-04
8.8410195894539356e-04
8.8486663298681378e-04
8.8566011982038617e-04
8.8634941494092345e-04
8.8686618255451322e-04
8.8701798813417554e-04
8.8673731079325080e-04
8.8592554675415158e-04
8.8469835463911295e-04
8.8320637587457895e-04
8.8174390839412808e-04
8.8054442312568426e-04
8.7978248484432697e-04
8.7949441513046622e-04
8.7960943346843123e-04
8.7998935487121344e-04
8.8047521421685815e-04
8.8092882651835680e-04
8.8124081958085299e-04
8.8136206613853574e-04
8.8127277558669448e-04
8.8101363508030772e-04
8.8063615839928389e-04
8.8022049749270082e-04
8.7983190314844251e-04
8.7952555622905493e-04
8.7932683527469635e-04
8.7923853425309062e-04
8.7924266699701548e-04
8.7931030429899693e-04
8.7940960656851530e-04
8.7951146997511387e-04
8.7959488155320287e-04
8.7964488193392754e-04
8.7965815328061581e-04
8.7963399710133672e-04
8.7957945652306080e-04
8.7950198212638497e-04
8.7941176025196910e-04
8.7931693997234106e-04
8.7922555394470692e-04
8.7914190953597426e-04
8.7907019769772887e-04
8.7901053484529257e-04
8.7896321201696992e-04
8.7892689043655992e-04
8.7889941642060876e-04
8.7887921836227179e-04
8.7886443361639977e-04
8.7885319953784347e-04
8.7884458480402827e-04
8.7883754167705774e-04
8.7883172091096640e-04
8.7882706429809332e-04
8.7882316438481212e-04
8.7882060324773192e-04
8.7881978834047914e-04
8.7882159277796745e-04
8.7882648222148418e-04
8.7883637752383947e-04
8.7885226821526885e-04
8.7887659901753068e-04
8.7891181465238333e-04
8.7896245531737804e-04
8.7903282837942243e-04
8.7913032621145248e-04
8.7926234118640423e-04
8.7944319238886237e-04
8.7968556908890605e-04
8.8001316180452704e-04
8.8044599397107959e-04
8.8102172594517469e-04
8.8176154531538486e-04
8.8271225104108453e-04
8.8386324932798743e-04
8.8523339945822954e-04
8.8668509852141142e-04
8.8811968453228474e-04
8.8915589731186628e-04
8.8957173284143209e-04
8.8892475469037890e-04
8.8728126138448715e-04
8.8477507233619690e-04
8.8209088426083326e-04
8.7984581477940083e-04
8.7855232413858175e-04
8.7831640848889947e-04
8.7890942813828588e-04
8.7990454630926251e-04
8.8084838353097439e-04
8.8141008745878935e-04
8.8140927255153656e-04
8.8090810459107161e-04
8.8008190505206585e-04
8.7921670638024807e-04
8.7854062439873815e-04
8.7819190230220556e-04
8.7817187886685133e-04
8.7838550098240376e-04
8.7868631817400455e-04
8.7893864838406444e-04
8.7904976680874825e-04
8.7898876518011093e-04
8.7878713384270668e-04
8.7850826093927026e-04
8.7823206558823586e-04
8.7801850168034434e-04
8.7790127145126462e-04
8.7787961820140481e-04
8.7792862905189395e-04
8.7800942128524184e-04
8.7808660464361310e-04
8.7813031859695911e-04
8.7812833953648806e-04
8.7808002717792988e-04
8.7799708126112819e-04
8.7789568351581693e-04
8.7779358727857471e-04
8.7770476238802075e-04
8.7763753253966570e-04
8.7759457528591156e-04
8.7757373694330454e-04
8.7756995344534516e-04
8.7757635628804564e-04
8.7758625159040093e-04
8.7759428424760699e-04
8.7759684538468719e-04
8.7759160669520497e-04
8.7757897563278675e-04
8.7755883578211069e-04
8.7753351544961333e-04
8.7750435341149569e-04
8.7747327052056789e-04
8.7744224583730102e-04
8.7741186143830419e-04
8.7738363072276115e-04
8.7735796114429832e-04
8.7733508553355932e-04
8.7731517851352692e-04
8.7729829829186201e-04
8.7728525977581739e-04
8.7727524805814028e-04
8.7726983474567533e-04
8.7726901983842254e-04
8.7727495701983571e-04
8.7728817015886307e-04
8.7731337407603860e-04
8.7735184933990240e-04
8.7741279276087880e-04
8.7749719386920333e-04
8.7762379553169012e-04
8.7779149180278182e-04
8.7803584756329656e-04
8.7834324222058058e-04
8.7877869373187423e-04
8.7928277207538486e-04
8.7995972717180848e-04
8.8063447037711740e-04
8.8145607151091099e-04
8.8208500528708100e-04
8.8275526650249958e-04
8.8313408195972443e-04
8.8362453971058130e-04
8.8413787307217717e-04
8.8504207087680697e-04
8.8618334848433733e-04
8.8745553512126207e-04
8.8831479661166668e-04
8.8825070997700095e-04
8.8692869758233428e-04
8.8437512749806046e-04
8.8129780488088727e-04
8.7857240578159690e-04
8.7696901755407453e-04
8.7672268273308873e-04
8.7753566913306713e-04
8.7880721548572183e-04
8.7989709572866559e-04
8.8038336252793670e-04
8.8012963533401489e-04
8.7930331937968731e-04
8.7827525567263365e-04
8.7739498121663928e-04
8.7689352221786976e-04
8.7678787531331182e-04
8.7695731781423092e-04
8.7720964802429080e-04
8.7740749586373568e-04
8.7747263023629785e-04
8.7741343304514885e-04
8.7727501522749662e-04
8.7710842490196228e-04
8.7695289403200150e-04
8.7681430159136653e-04
8.7669742060825229e-04
8.7658577831462026e-04
8.7649055058136582e-04
8.7641651043668389e-04
8.7638094555586576e-04
8.7638641707599163e-04
8.7642413564026356e-04
8.7647256441414356e-04
8.7650469504296780e-04
8.7650399655103683e-04
8.7645818712189794e-04
8.7637949036434293e-04
8.7627919856458902e-04
8.7618170073255897e-04
8.7610183982178569e-04
8.7604986038058996e-04
8.7602628627792001e-04
8.7602360872551799e-04
8.7603117572143674e-04
8.7603874271735549e-04
8.7603984866291285e-04
8.7603123392909765e-04
8.7601441191509366e-04
8.7599229300394654e-04
8.7596866069361567e-04
8.7594601791352034e-04
8.7592570343986154e-04
8.7590760085731745e-04
8.7589025497436523e-04
8.7587255984544754e-04
8.7585323490202427e-04
8.7583175627514720e-04
8.7580841500312090e-04
8.7578385137021542e-04
8.7575911311432719e-04
8.7573495693504810e-04
8.7571237236261368e-04
8.7569170864298940e-04
8.7567279115319252e-04
8.7565585272386670e-04
8.7564002024009824e-04
8.7562535190954804e-04
8.7561155669391155e-04
8.7559845997020602e-04
8.7558646919205785e-04
8.7557564256712794e-04
8.7556720245629549e-04
8.7556143989786506e-04
8.7556010112166405e-04
8.7556487414985895e-04
8.7557826191186905e-04
8.7560323299840093e-04
8.7564496789127588e-04
8.7570969481021166e-04
8.7580829858779907e-04
8.7595329387113452e-04
8.7616755627095699e-04
8.7647628970444202e-04
8.7692739907652140e-04
8.7756774155423045e-04
8.7849004194140434e-04
8.7976211216300726e-04
8.8153360411524773e-04
8.8381284149363637e-04
8.8672246783971786e-04
8.8986841728910804e-04
8.9301989646628499e-04
8.9485943317413330e-04
8.9485867647454143e-04
8.9180539362132549e-04
8.8678090833127499e-04
8.8105391478165984e-04
8.7695557158440351e-04
8.7555201025679708e-04
8.7667623301967978e-04
8.7905186228454113e-04
8.8110420620068908e-04
8.8175199925899506e-04
8.8067655451595783e-04
8.7860861094668508e-04
8.7656459072604775e-04
8.7547214934602380e-04
8.7552965851500630e-04
8.7635754607617855e-04
8.7726622587069869e-04
8.7767705554142594e-04
8.7738240836188197e-04
8.7656982941552997e-04
8.7568990420550108e-04
8.7513122707605362e-04
8.7506091222167015e-04
8.7535206694155931e-04
8.7573390919715166e-04
8.7594223441556096e-04
8.7585818255320191e-04
8.7553408229723573e-04
8.7513466132804751e-04
8.7483768584206700e-04
8.7473634630441666e-04
8.7481568334624171e-04
8.7497767526656389e-04
8.7510864250361919e-04
8.7513076141476631e-04
8.7503145914524794e-04
8.7485543917864561e-04
8.7467354023829103e-04
8.7454734602943063e-04
8.7450386490672827e-04
8.7453168816864491e-04
8.7459379574283957e-04
8.7464763782918453e-04
8.7466218974441290e-04
8.7462790543213487e-04
8.7455566972494125e-04
8.7446841644123197e-04
8.7438995251432061e-04
8.7433704175055027e-04
8.7431375868618488e-04
8.7431474821642041e-04
8.7432720465585589e-04
8.7433849694207311e-04
8.7433855514973402e-04
8.7432336295023561e-04
8.7429414270445704e-04
8.7425624951720238e-04
8.7421591160818934e-04
8.7417918257415295e-04
8.7414996232837439e-04
8.7412871653214097e-04
8.7411387357860804e-04
8.7410357082262635e-04
8.7409437401220202e-04
8.7408407125622034e-04
8.7407097453251481e-04
8.7405467638745904e-04
8.7403535144403577e-04
8.7401398923248053e-04
8.7399181211367249e-04
8.7396969320252538e-04
8.7394827278330922e-04
8.7392830755561590e-04
8.7390979751944542e-04
8.7389245163649321e-04
8.7387621169909835e-04
8.7386055383831263e-04
8.7384530343115330e-04
8.7382987840101123e-04
8.7381422054022551e-04
8.7379827164113522e-04
8.7378191528841853e-04
8.7376515148207545e-04
8.7374821305274963e-04
8.7373121641576290e-04
8.7371410336345434e-04
8.7369693210348487e-04
8.7367987725883722e-04
8.7366317166015506e-04
8.7364669889211655e-04
8.7363092461600900e-04
8.7361567420884967e-04
8.7360129691660404e-04
8.7358785094693303e-04
8.7357603479176760e-04
8.7356625590473413e-04
8.7355944560840726e-04
8.7355647701770067e-04
8.7355962023139000e-04
8.7357050506398082e-04
8.7359384633600712e-04
8.7363272905349731e-04
8.7369832908734679e-04
8.7379512842744589e-04
8.7394728325307369e-04
8.7415752932429314e-04
8.7447703117504716e-04
8.7488582357764244e-04
8.7547797011211514e-04
8.7612844072282314e-04
8.7696808623149991e-04
8.7758462177589536e-04
8.7812566198408604e-04
8.7790738325566053e-04
8.7729684310033917e-04
8.7608484318479896e-04
8.7499455548822880e-04
8.7437621550634503e-04
8.7454490130767226e-04
8.7543600238859653e-04
8.7677896954119205e-04
8.7830662960186601e-04
8.7970070308074355e-04
8.8110158685594797e-04
8.8251254055649042e-04
8.8427605805918574e-04
8.8633579434826970e-04
8.8813289767131209e-04
8.8911451166495681e-04
8.8799651712179184e-04
8.8505295570939779e-04
8.8055216474458575e-04
8.7628385517746210e-04
8.7354902643710375e-04
8.7300472659990191e-04
8.7426463142037392e-04
8.7628059554845095e-04
8.7795883882790804e-04
8.7845668895170093e-04
8.7769894162192941e-04
8.7608204921707511e-04
8.7438873015344143e-04
8.7325298227369785e-04
8.7293528486043215e-04
8.7329291272908449e-04
8.7395112495869398e-04
8.7453698506578803e-04
8.7478000205010176e-04
8.7461742805317044e-04
8.7412283755838871e-04
8.7350874673575163e-04
8.7298796279355884e-04
8.7271077791228890e-04
8.7270932272076607e-04
8.7290490046143532e-04
8.7316287681460381e-04
8.7334722047671676e-04
8.7337754666805267e-04
8.7324128253385425e-04
8.7299384176731110e-04
8.7272783275693655e-04
8.7252829689532518e-04
8.7244255701079965e-04
8.7246589828282595e-04
8.7255419930443168e-04
8.7265041656792164e-04
8.7270670337602496e-04
8.7270216317847371e-04
8.7264151079580188e-04
8.7254593381658196e-04
8.7244372116401792e-04
8.7235774844884872e-04
8.7230076314881444e-04
8.7227445328608155e-04
8.7227148469537497e-04
8.7228068150579929e-04
8.7229179916903377e-04
8.7229697965085506e-04
8.7229243945330381e-04
8.7227631593123078e-04
8.7224959861487150e-04
8.7221513967961073e-04
8.7217672262340784e-04
8.7213824735954404e-04
8.7210367200896144e-04
8.7207526667043567e-04
8.7205338058993220e-04
8.7203766452148557e-04
8.7202666327357292e-04
8.7201804853975773e-04
8.7200978305190802e-04
8.7200012058019638e-04
8.7198812980204821e-04
8.7197369430214167e-04
8.7195669766515493e-04
8.7193853687494993e-04
8.7191909551620483e-04
8.7189930491149426e-04
8.7187933968380094e-04
8.7185931624844670e-04
8.7183958385139704e-04
8.7182025890797377e-04
8.7180110858753324e-04
8.7178236572071910e-04
8.7176379747688770e-04
8.7174592772498727e-04
8.7172840721905231e-04
8.7171117775142193e-04
8.7169441394507885e-04
8.7167782476171851e-04
8.7166135199368000e-04
8.7164505384862423e-04
8.7162881391122937e-04
8.7161239935085177e-04
8.7159627582877874e-04
8.7158003589138389e-04
8.7156367953866720e-04
8.7154726497828960e-04
8.7153125787153840e-04
8.7151507614180446e-04
8.7149918545037508e-04
8.7148352758958936e-04
8.7146786972880363e-04
8.7145261932164431e-04
8.7143777636811137e-04
8.7142334086820483e-04
8.7141006952151656e-04
8.7139778770506382e-04
8.7138725211843848e-04
8.7137945229187608e-04
8.7137555237859488e-04
8.7137753143906593e-04
8.7138841627165675e-04
8.7141251424327493e-04
8.7145686848089099e-04
8.7153271306306124e-04
8.7165634613484144e-04
8.7185564916580915e-04
8.7217055261135101e-04
8.7266782065853477e-04
8.7344023631885648e-04
8.7464140960946679e-04
8.7645871099084616e-04
8.7917922064661980e-04
8.8299915660172701e-04
8.8810583110898733e-04
8.9387100888416171e-04
8.9919811580330133e-04
9.0114719932898879e-04
8.9799781562760472e-04
8.8922173017635942e-04
8.7926664855331182e-04
8.7300030281767249e-04
8.7303580949082971e-04
8.7742414325475693e-04
8.8188610970973969e-04
8.8275078451260924e-04
8.7928137509152293e-04
8.7425671517848969e-04
8.7124266428872943e-04
8.7182532297447324e-04
8.7461882503703237e-04
8.7688525673002005e-04
8.7675469694659114e-04
8.7446538964286447e-04
8.7189016630873084e-04
8.7082211393862963e-04
8.7157916277647018e-04
8.7304657790809870e-04
8.7379640899598598e-04
8.7325292406603694e-04
8.7194860680028796e-04
8.7092927424237132e-04
8.7083183461800218e-04
8.7145570432767272e-04
8.7209045886993408e-04
8.7215099483728409e-04
8.7161973351612687e-04
8.7093410547822714e-04
8.7057740893214941e-04
8.7069708388298750e-04
8.7106367573142052e-04
8.7131711188703775e-04
8.7125133723020554e-04
8.7093835463747382e-04
8.7061402155086398e-04
8.7047816487029195e-04
8.7055639596655965e-04
8.7071990128606558e-04
8.7080820230767131e-04
8.7074644397944212e-04
8.7057944620028138e-04
8.7041727965697646e-04
8.7034649914130569e-04
8.7037740740925074e-04
8.7045208783820271e-04
8.7049638386815786e-04
8.7047164561226964e-04
8.7039085337892175e-04
8.7030028225854039e-04
8.7024341337382793e-04
8.7023433297872543e-04
8.7025482207536697e-04
8.7027333211153746e-04
8.7026582332327962e-04
8.7022921070456505e-04
8.7017792975530028e-04
8.7013264419510961e-04
8.7010645074769855e-04
8.7009952403604984e-04
8.7010138668119907e-04
8.7009940762072802e-04
8.7008561240509152e-04
8.7005994282662868e-04
8.7002915097400546e-04
8.7000074563547969e-04
8.6998019833117723e-04
8.6996745085343719e-04
8.6995918536558747e-04
8.6995004676282406e-04
8.6993660079315305e-04
8.6991809075698256e-04
8.6989690316841006e-04
8.6987524991855025e-04
8.6985604139044881e-04
8.6984003428369761e-04
8.6982693755999207e-04
8.6981512140482664e-04
8.6980266496539116e-04
8.6978927720338106e-04
8.6977443424984813e-04
8.6975924205034971e-04
8.6974492296576500e-04
8.6973258294165134e-04
8.6972350254654884e-04
8.6971832206472754e-04
8.6971797281876206e-04
8.6972326971590519e-04
8.6973700672388077e-04
8.6976116290315986e-04
8.6980330524966121e-04
8.6986779933795333e-04
8.6997123435139656e-04
8.7011861614882946e-04
8.7034632451832294e-04
8.7065051775425673e-04
8.7110319873318076e-04
8.7164633441716433e-04
8.7239936692640185e-04
8.7311130482703447e-04
8.7392638670280576e-04
8.7423739023506641e-04
8.7426375830546021e-04
8.7342073675245047e-04
8.7228557094931602e-04
8.7099371012300253e-04
8.7011727737262845e-04
8.6981320055201650e-04
8.6999329505488276e-04
8.7037205230444670e-04
8.7061611702665687e-04
8.7059417273849249e-04
8.7025592802092433e-04
8.6983700748533010e-04
8.6952518904581666e-04
8.6946401279419661e-04
8.6962472414597869e-04
8.6986500537022948e-04
8.7002967484295368e-04
8.7000982603058219e-04
8.6982740322127938e-04
8.6955551523715258e-04
8.6931203259155154e-04
8.6917117005214095e-04
8.6914695566520095e-04
8.6919806199148297e-04
8.6925690993666649e-04
8.6927541997283697e-04
8.6922961054369807e-04
8.6914462735876441e-04
8.6905551142990589e-04
8.6899806046858430e-04
8.6898618610575795e-04
8.6901022586971521e-04
8.6904666386544704e-04
8.6907052900642157e-04
8.6906983051449060e-04
8.6904177442193031e-04
8.6899963207542896e-04
8.6895638378337026e-04
8.6892559193074703e-04
8.6891179671511054e-04
8.6891307728365064e-04
8.6892227409407496e-04
8.6893083062022924e-04
8.6893420666456223e-04
8.6893164552748203e-04
8.6892727995291352e-04
8.6892687249928713e-04
8.6893694242462516e-04
8.6896290304139256e-04
8.6900789756327868e-04
8.6907611694186926e-04
8.6916930740699172e-04
8.6929602548480034e-04
8.6946174269542098e-04
8.6968595860525966e-04
8.6998054757714272e-04
8.7038055062294006e-04
8.7090447777882218e-04
8.7160617113113403e-04
8.7249669013544917e-04
8.7363907368853688e-04
8.7498844368383288e-04
8.7656470714136958e-04
8.7814498692750931e-04
8.7961199460551143e-04
8.8046293240040541e-04
8.8051659986376762e-04
8.7932107271626592e-04
8.7715673726052046e-04
8.7428599363192916e-04
8.7154743960127234e-04
8.6951116099953651e-04
8.6856848793104291e-04
8.6865900084376335e-04
8.6944870417937636e-04
8.7048008572310209e-04
8.7132741464301944e-04
8.7173207430168986e-04
8.7157695088535547e-04
8.7099359370768070e-04
8.7014801101759076e-04
8.6932402336969972e-04
8.6868612561374903e-04
8.6835282854735851e-04
8.6831045337021351e-04
8.6848338833078742e-04
8.6875242413952947e-04
8.6900207679718733e-04
8.6915120482444763e-04
8.6915417341515422e-04
8.6902844486758113e-04
8.6880003800615668e-04
8.6853903485462070e-04
8.6829025531187654e-04
8.6810422362759709e-04
8.6799793643876910e-04
8.6797267431393266e-04
8.6801004363223910e-04
8.6808128980919719e-04
8.6815736722201109e-04
8.6821173317730427e-04
8.6823210585862398e-04
8.6821004515513778e-04
8.6815410759299994e-04
8.6807121988385916e-04
8.6797942640259862e-04
8.6788955377414823e-04
8.6781417485326529e-04
8.6775829549878836e-04
8.6772360373288393e-04
8.6770730558782816e-04
8.6770445341244340e-04
8.6770940106362104e-04
8.6771638598293066e-04
8.6772185750305653e-04
8.6772238137200475e-04
8.6771743372082710e-04
8.6770666530355811e-04
8.6769124027341604e-04
8.6767197353765368e-04
8.6765072774142027e-04
8.6762825958430767e-04
8.6760584963485599e-04
8.6758367251604795e-04
8.6756219388917089e-04
8.6754141375422478e-04
8.6752162314951420e-04
8.6750241462141275e-04
8.6748378816992044e-04
8.6746603483334184e-04
8.6744886357337236e-04
8.6743268184363842e-04
8.6741708219051361e-04
8.6740253027528524e-04
8.6738954996690154e-04
8.6737779201939702e-04
8.6736847879365087e-04
8.6736149387434125e-04
8.6735805962234735e-04
8.6735887452960014e-04
8.6736545199528337e-04
8.6737994570285082e-04
8.6740491678938270e-04
8.6744461441412568e-04
8.6750456830486655e-04
8.6759211262688041e-04
8.6771952919661999e-04
8.6790113709867001e-04
8.6816219845786691e-04
8.6852873209863901e-04
8.6905248463153839e-04
8.6977583123371005e-04
8.7079493096098304e-04
8.7215524399653077e-04
8.7399891344830394e-04
8.7626959430053830e-04
8.7905419059097767e-04
8.8185298955067992e-04
8.8443240383639932e-04
8.8552350644022226e-04
8.8481424609199166e-04
8.8145287008956075e-04
8.7661377619951963e-04
8.7152869673445821e-04
8.6806982289999723e-04
8.6703448323532939e-04
8.6816871771588922e-04
8.7038450874388218e-04
8.7235798127949238e-04
8.7315641576424241e-04
8.7240862194448709e-04
8.7061582598835230e-04
8.6859072325751185e-04
8.6721393745392561e-04
8.6686620488762856e-04
8.6741038830950856e-04
8.6834025569260120e-04
8.6908525554463267e-04
8.6927216034382582e-04
8.6883897893130779e-04
8.6803617887198925e-04
8.6723128333687782e-04
8.6674094200134277e-04
8.6667464347556233e-04
8.6693727644160390e-04
8.6731184273958206e-04
8.6757994722574949e-04
8.6761271813884377e-04
8.6740916594862938e-04
8.6707185255363584e-04
8.6674035992473364e-04
8.6652726167812943e-04
8.6647388525307178e-04
8.6655165068805218e-04
8.6668820586055517e-04
8.6680531967431307e-04
8.6684769485145807e-04
8.6680066306143999e-04
8.6668494623154402e-04
8.6654216283932328e-04
8.6641538655385375e-04
8.6633337195962667e-04
8.6630490841343999e-04
8.6631975136697292e-04
8.6635601473972201e-04
8.6639093933627009e-04
8.6640659719705582e-04
8.6639571236446500e-04
8.6635985644534230e-04
8.6630787700414658e-04
8.6625147378072143e-04
8.6620089132338762e-04
8.6616259068250656e-04
8.6613855091854930e-04
8.6612696759402752e-04
8.6612341692671180e-04
8.6612271843478084e-04
8.6611992446705699e-04
8.6611288134008646e-04
8.6609943537041545e-04
8.6608040146529675e-04
8.6605735123157501e-04
8.6603150703012943e-04
8.6600572103634477e-04
8.6598092457279563e-04
8.6595845641568303e-04
8.6593837477266788e-04
8.6592114530503750e-04
8.6590589489787817e-04
8.6589221609756351e-04
8.6587941041216254e-04
8.6586689576506615e-04
8.6585461394861341e-04
8.6584175005555153e-04
8.6582807125523686e-04
8.6581398500129580e-04
8.6579949129372835e-04
8.6578453192487359e-04
8.6576957255601883e-04
8.6575432214885950e-04
8.6573930457234383e-04
8.6572463624179363e-04
8.6571066640317440e-04
8.6569739505648613e-04
8.6568557890132070e-04
8.6567533435299993e-04
8.6566800018772483e-04
8.6566439131274819e-04
8.6566631216555834e-04
8.6567661492154002e-04
8.6569820996373892e-04
8.6573878070339561e-04
8.6580304196104407e-04
8.6590944556519389e-04
8.6606579134240746e-04
8.6631323210895061e-04
8.6665514390915632e-04
8.6717761587351561e-04
8.6782797006890178e-04
8.6874922271817923e-04
8.6964486399665475e-04
8.7066704872995615e-04
8.7102502584457397e-04
8.7095191702246666e-04
8.6976418970152736e-04
8.6828501662239432e-04
8.6691422620788217e-04
8.6641084635630250e-04
8.6692837066948414e-04
8.6817721603438258e-04
8.6968671530485153e-04
8.7086390703916550e-04
8.7177922250702977e-04
8.7242812151089311e-04
8.7350967805832624e-04
8.7515107588842511e-04
8.7729800725355744e-04
8.7922654347494245e-04
8.7989325402304530e-04
8.7871786672621965e-04
8.7563367560505867e-04
8.7165361037477851e-04
8.6816464317962527e-04
8.6609279969707131e-04
8.6567795369774103e-04
8.6642894893884659e-04
8.6764700245112181e-04
8.6868694052100182e-04
8.6918001761659980e-04
8.6907774675637484e-04
8.6841033771634102e-04
8.6743757128715515e-04
8.6636614287272096e-04
8.6551072308793664e-04
8.6507562082260847e-04
8.6515798466280103e-04
8.6563144577667117e-04
8.6620415095239878e-04
8.6657307110726833e-04
8.6654740152880549e-04
8.6617661872878671e-04
8.6562347132712603e-04
8.6512393318116665e-04
8.6481921607628465e-04
8.6474377894774079e-04
8.6483446648344398e-04
8.6498615564778447e-04
8.6511351400986314e-04
8.6516543524339795e-04
8.6514255963265896e-04
8.6505647050216794e-04
8.6492806440219283e-04
8.6477264994755387e-04
8.6460856255143881e-04
8.6446112254634500e-04
8.6435332195833325e-04
8.6429680231958628e-04
8.6428318172693253e-04
8.6428830400109291e-04
8.6428463691845536e-04
8.6425110930576921e-04
8.6417963029816747e-04
8.6407444905489683e-04
8.6394761456176639e-04
8.6381362052634358e-04
8.6368172196671367e-04
8.6355692474171519e-04
8.6343905422836542e-04
8.6332700448110700e-04
8.6322135757654905e-04
8.6312479106709361e-04
8.6303864372894168e-04
8.6296239169314504e-04
8.6289312457665801e-04
8.6282746633514762e-04
8.6276256479322910e-04
8.6269673192873597e-04
8.6262926924973726e-04
8.6256046779453754e-04
8.6249085143208504e-04
8.6242094403132796e-04
8.6235062917694449e-04
8.6227955762296915e-04
8.6220644880086184e-04
8.6213008034974337e-04
8.6204911349341273e-04
8.6196314077824354e-04
8.6187280248850584e-04
8.6178025230765343e-04
8.6168741108849645e-04
8.6159654892981052e-04
8.6150795686990023e-04
8.6142128566280007e-04
8.6133676813915372e-04
8.6125661619007587e-04
8.6118385661393404e-04
8.6112000280991197e-04
8.6106546223163605e-04
8.6102040950208902e-04
8.6098676547408104e-04
8.6096714949235320e-04
8.6096575250849128e-04
8.6098664905875921e-04
8.6103659123182297e-04
8.6112425196915865e-04
8.6126575479283929e-04
8.6148100672289729e-04
8.6180324433371425e-04
8.6227036081254482e-04
8.6294795619323850e-04
8.6390099022537470e-04
8.6524442303925753e-04
8.6704053683206439e-04
8.6941506015136838e-04
8.7223324226215482e-04
8.7538996012881398e-04
8.7806530063971877e-04
8.7963120313361287e-04
8.7872945005074143e-04
8.7539170635864139e-04
8.7004515808075666e-04
8.6479348829016089e-04
8.6136301979422569e-04
8.6065207142382860e-04
8.6213898612186313e-04
8.6447282228618860e-04
8.6623680545017123e-04
8.6648587603121996e-04
8.6525653023272753e-04
8.6321553681045771e-04
8.6143787484616041e-04
8.6059543536975980e-04
8.6079305037856102e-04
8.6156860925257206e-04
8.6230994202196598e-04
8.6255487985908985e-04
8.6218543583527207e-04
8.6144002852961421e-04
8.6069497046992183e-04
8.6027407087385654e-04
8.6025788914412260e-04
8.6052011465653777e-04
8.6080539040267467e-04
8.6092035053297877e-04
8.6078717140480876e-04
8.6047645891085267e-04
8.6013640975579619e-04
8.5990451043471694e-04
8.5984478937461972e-04
8.5992389358580112e-04
8.6005672346800566e-04
8.6014292901381850e-04
8.6013198597356677e-04
8.6001952877268195e-04
8.5985293844714761e-04
8.5969269275665283e-04
8.5958821000531316e-04
8.5955695249140263e-04
8.5958396084606647e-04
8.5963495075702667e-04
8.5967226186767220e-04
8.5967365885153413e-04
8.5963116725906730e-04
8.5955823305994272e-04
8.5947441402822733e-04
8.5940113058313727e-04
8.5935182869434357e-04
8.5932936053723097e-04
8.5932761430740356e-04
8.5933541413396597e-04
8.5934152593836188e-04
8.5933663649484515e-04
8.5931818466633558e-04
8.5928675252944231e-04
8.5924775339663029e-04
8.5920642595738173e-04
8.5916835814714432e-04
8.5913692601025105e-04
8.5911306086927652e-04
8.5909577319398522e-04
8.5908267647027969e-04
8.5907120956107974e-04
8.5905921878293157e-04
8.5904466686770320e-04
8.5902685532346368e-04
8.5900630801916122e-04
8.5898349061608315e-04
8.5895933443680406e-04
8.5893488721922040e-04
8.5891096387058496e-04
8.5888820467516780e-04
8.5886666784062982e-04
8.5884635336697102e-04
8.5882737766951323e-04
8.5880898404866457e-04
8.5879123071208596e-04
8.5877376841381192e-04
8.5875601507723331e-04
8.5873820353299379e-04
8.5872027557343245e-04
8.5870211478322744e-04
8.5868343012407422e-04
8.5866468725726008e-04
8.5864576976746321e-04
8.5862691048532724e-04
8.5860810941085219e-04
8.5858925012871623e-04
8.5857068188488483e-04
8.5855269571766257e-04
8.5853476775810122e-04
8.5851742187514901e-04
8.5850089089944959e-04
8.5848552407696843e-04
8.5847167065367103e-04
8.5845973808318377e-04
8.5845094872638583e-04
8.5844617569819093e-04
8.5844733985140920e-04
8.5845723515376449e-04
8.5848011076450348e-04
8.5852091433480382e-04
8.5859099635854363e-04
8.5870083421468735e-04
8.5887569002807140e-04
8.5913919610902667e-04
8.5955054964870214e-04
8.6014979751780629e-04
8.6107337847352028e-04
8.6235208436846733e-04
8.6426082998514175e-04
8.6664059199392796e-04
8.6989114060997963e-04
8.7313714902848005e-04
8.7673432426527143e-04
8.7888701818883419e-04
8.8007352314889431e-04
8.7890907889232039e-04
8.7611714843660593e-04
8.7169028120115399e-04
8.6681562243029475e-04
8.6287758313119411e-04
8.6066947551444173e-04
8.6060486501082778e-04
8.6197099881246686e-04
8.6389767238870263e-04
8.6514238500967622e-04
8.6484936764463782e-04
8.6302094860002398e-04
8.6045835632830858e-04
8.5856969235464931e-04
8.5817155195400119e-04
8.5917668184265494e-04
8.6065236246213317e-04
8.6149125127121806e-04
8.6115044541656971e-04
8.5985485929995775e-04
8.5845205467194319e-04
8.5771252634003758e-04
8.5786398267373443e-04
8.5854507051408291e-04
8.5915206000208855e-04
8.5928291082382202e-04
8.5891189519315958e-04
8.5832545300945640e-04
8.5786182899028063e-04
8.5768877761438489e-04
8.5776601918041706e-04
8.5793179459869862e-04
8.5804989794269204e-04
8.5806119022890925e-04
8.5798260988667607e-04
8.5785595001652837e-04
8.5771339945495129e-04
8.5758295608684421e-04
8.5748493438586593e-04
8.5744191892445087e-04
8.5745664546266198e-04
8.5750839207321405e-04
8.5755658801645041e-04
8.5756019689142704e-04
8.5750361904501915e-04
8.5740111535415053e-04
8.5729372221976519e-04
8.5721968207508326e-04
8.5719721391797066e-04
8.5721531650051475e-04
8.5724599193781614e-04
8.5726164979860187e-04
8.5724814562126994e-04
8.5720908828079700e-04
8.5715809836983681e-04
8.5711060091853142e-04
8.5707474499940872e-04
8.5705099627375603e-04
8.5703510558232665e-04
8.5702253272756934e-04
8.5700990166515112e-04
8.5699645569548011e-04
8.5698289331048727e-04
8.5696775931864977e-04
8.5695099551230669e-04
8.5693073924630880e-04
8.5690681589767337e-04
8.5688068065792322e-04
8.5685425437986851e-04
8.5683062206953764e-04
8.5681083146482706e-04
8.5679459152743220e-04
8.5678079631179571e-04
8.5676752496510744e-04
8.5675314767286181e-04
8.5673719877377152e-04
8.5671967826783657e-04
8.5670116823166609e-04
8.5668225074186921e-04
8.5666350787505507e-04
8.5664482321590185e-04
8.5662637138739228e-04
8.5660780314356089e-04
8.5658894386142492e-04
8.5657020099461079e-04
8.5655169095844030e-04
8.5653347196057439e-04
8.5651566041633487e-04
8.5649872198700905e-04
8.5648160893470049e-04
8.5646478692069650e-04
8.5644784849137068e-04
8.5643091006204486e-04
8.5641368059441447e-04
8.5639662574976683e-04
8.5637933807447553e-04
8.5636239964514971e-04
8.5634528659284115e-04
8.5632817354053259e-04
8.5631135152652860e-04
8.5629447130486369e-04
8.5627776570618153e-04
8.5626088548451662e-04
8.5624441271647811e-04
8.5622811457142234e-04
8.5621181642636657e-04
8.5619621677324176e-04
8.5618125740438700e-04
8.5616676369681954e-04
8.5615355055779219e-04
8.5614161798730493e-04
8.5613178089261055e-04
8.5612462135031819e-04
8.5612136172130704e-04
8.5612398106604815e-04
8.5613469127565622e-04
8.5615721764042974e-04
8.5619714809581637e-04
8.5626333020627499e-04
8.5636699805036187e-04
8.5652788402512670e-04
8.5677311290055513e-04
8.5714593296870589e-04
8.5770373698323965e-04
8.5854285862296820e-04
8.5977255366742611e-04
8.6157640907913446e-04
8.6408539209514856e-04
8.6751003982499242e-04
8.7165791774168611e-04
8.7627157336100936e-04
8.7985821301117539e-04
8.8118162238970399e-04
8.7817822350189090e-04
8.7166129378601909e-04
8.6364959133788943e-04
8.5795921040698886e-04
8.5651455447077751e-04
8.5881113773211837e-04
8.6239981465041637e-04
8.6459744488820434e-04
8.6405308684334159e-04
8.6116592865437269e-04
8.5795065388083458e-04
8.5623911581933498e-04
8.5664266953244805e-04
8.5827236762270331e-04
8.5968250641599298e-04
8.5980747826397419e-04
8.5859833052381873e-04
8.5689610568806529e-04
8.5573608521372080e-04
8.5565214976668358e-04
8.5640093311667442e-04
8.5727195255458355e-04
8.5759500507265329e-04
8.5718429181724787e-04
8.5633399430662394e-04
8.5558119462803006e-04
8.5530336946249008e-04
8.5552164819091558e-04
8.5595820564776659e-04
8.5626251529902220e-04
8.5623888298869133e-04
8.5592269897460938e-04
8.5552234668284655e-04
8.5525086615234613e-04
8.5520639549940825e-04
8.5533765377476811e-04
8.5550663061439991e-04
8.5558515274897218e-04
8.5552380187436938e-04
8.5536163533106446e-04
8.5518701234832406e-04
8.5507793119177222e-04
8.5506238974630833e-04
8.5511396173387766e-04
8.5517682600766420e-04
8.5520162247121334e-04
8.5516815306618810e-04
8.5508974734693766e-04
8.5499970009550452e-04
8.5493113147094846e-04
8.5490045603364706e-04
8.5490400670096278e-04
8.5492298239842057e-04
8.5493637016043067e-04
8.5493031656369567e-04
8.5490162018686533e-04
8.5485837189480662e-04
8.5481320274993777e-04
8.5477600805461407e-04
8.5475243395194411e-04
8.5474096704274416e-04
8.5473613580688834e-04
8.5473066428676248e-04
8.5471966303884983e-04
8.5470126941800117e-04
8.5467682220041752e-04
8.5464958101511002e-04
8.5462356219068170e-04
8.5460086120292544e-04
8.5458258399739861e-04
8.5456803208217025e-04
8.5455563385039568e-04
8.5454323561862111e-04
8.5452961502596736e-04
8.5451372433453798e-04
8.5449573816731572e-04
8.5447623860090971e-04
8.5445615695789456e-04
8.5443654097616673e-04
8.5441785631701350e-04
8.5440004477277398e-04
8.5438363021239638e-04
8.5436808876693249e-04
8.5435260552912951e-04
8.5433747153729200e-04
8.5432193009182811e-04
8.5430633043870330e-04
8.5429020691663027e-04
8.5427390877157450e-04
8.5425766883417964e-04
8.5424160351976752e-04
8.5422594565898180e-04
8.5421145195141435e-04
8.5419788956642151e-04
8.5418589878827333e-04
8.5417611990123987e-04
8.5416919318959117e-04
8.5416639922186732e-04
8.5416890215128660e-04
8.5417949594557285e-04
8.5420114919543266e-04
8.5424026474356651e-04
8.5430132457986474e-04
8.5440021939575672e-04
8.5454265354201198e-04
8.5476471576839685e-04
8.5506594041362405e-04
8.5552164819091558e-04
8.5608666995540261e-04
8.5689389379695058e-04
8.5772265447303653e-04
8.5875118384137750e-04
8.5937953554093838e-04
8.5986283374950290e-04
8.5949129424989223e-04
8.5888762259855866e-04
8.5804675472900271e-04
8.5769279394298792e-04
8.5794756887480617e-04
8.5876410594210029e-04
8.5971073713153601e-04
8.6027546785771847e-04
8.6019979789853096e-04
8.5933390073478222e-04
8.5807213326916099e-04
8.5679173935204744e-04
8.5584144107997417e-04
8.5531338118016720e-04
8.5503177251666784e-04
8.5482292342931032e-04
8.5450697224587202e-04
8.5415446665138006e-04
8.5386447608470917e-04
8.5378362564370036e-04
8.5394486086443067e-04
8.5426570149138570e-04
8.5460831178352237e-04
8.5481745190918446e-04
8.5485912859439850e-04
8.5473380750045180e-04
8.5455941734835505e-04
8.5440825205296278e-04
8.5432390915229917e-04
8.5427646990865469e-04
8.5421581752598286e-04
8.5410143947228789e-04
8.5393158951774240e-04
8.5373991169035435e-04
8.5356831550598145e-04
8.5344765102490783e-04
8.5338210919871926e-04
8.5335457697510719e-04
8.5333955939859152e-04
8.5331528680399060e-04
8.5327588021755219e-04
8.5322611266747117e-04
8.5318117635324597e-04
8.5315218893811107e-04
8.5314322495833039e-04
8.5314869647845626e-04
8.5315859178081155e-04
8.5316441254690289e-04
8.5316185140982270e-04
8.5315422620624304e-04
8.5314660100266337e-04
8.5314671741798520e-04
8.5315859178081155e-04
8.5318589117377996e-04
8.5322943050414324e-04
8.5329060675576329e-04
8.5337279597297311e-04
8.5348373977467418e-04
8.5363461403176188e-04
8.5384491831064224e-04
8.5413642227649689e-04
8.5454573854804039e-04
8.5510499775409698e-04
8.5587566718459129e-04
8.5689331172034144e-04
8.5824803682044148e-04
8.5992360254749656e-04
8.6198624921962619e-04
8.6418405408039689e-04
8.6638994980603456e-04
8.6786039173603058e-04
8.6826592450961471e-04
8.6680491222068667e-04
8.6381233995780349e-04
8.5974502144381404e-04
8.5596169810742140e-04
8.5345911793410778e-04
8.5274112643674016e-04
8.5354305338114500e-04
8.5512670921161771e-04
8.5665594087913632e-04
8.5745408432558179e-04
8.5729558486491442e-04
8.5626757936552167e-04
8.5487647447735071e-04
8.5359840886667371e-04
8.5283408407121897e-04
8.5267523536458611e-04
8.5299223428592086e-04
8.5351447341963649e-04
8.5396406939253211e-04
8.5416057845577598e-04
8.5403909906744957e-04
8.5368461441248655e-04
8.5322064114734530e-04
8.5280870553106070e-04
8.5253588622435927e-04
8.5244054207578301e-04
8.5248873801901937e-04
8.5261632921174169e-04
8.5274945013225079e-04
8.5283047519624233e-04
8.5283443331718445e-04
8.5275841411203146e-04
8.5263082291930914e-04
8.5247890092432499e-04
8.5234013386070728e-04
8.5223442874848843e-04
8.5217546438798308e-04
8.5216067964211106e-04
8.5217849118635058e-04
8.5221242625266314e-04
8.5224444046616554e-04
8.5226132068783045e-04
8.5225462680682540e-04
8.5222499910742044e-04
8.5217523155733943e-04
8.5211539408192039e-04
8.5205351933836937e-04
8.5199874592944980e-04
8.5195555584505200e-04
8.5192639380693436e-04
8.5191032849252224e-04
8.5190398385748267e-04
8.5190311074256897e-04
8.5190375102683902e-04
8.5190212121233344e-04
8.5189624223858118e-04
8.5188547382131219e-04
8.5186923388391733e-04
8.5184921044856310e-04
8.5182639304548502e-04
8.5180200403556228e-04
8.5177755681797862e-04
8.5175351705402136e-04
8.5173093248158693e-04
8.5170933743938804e-04
8.5168896475806832e-04
8.5166998906061053e-04
8.5165142081677914e-04
8.5163372568786144e-04
8.5161637980490923e-04
8.5159932496026158e-04
8.5158244473859668e-04
8.5156568093225360e-04
8.5154885891824961e-04
8.5153232794255018e-04
8.5151573875918984e-04
8.5149967344477773e-04
8.5148360813036561e-04
8.5146760102361441e-04
8.5145165212452412e-04
8.5143616888672113e-04
8.5142039461061358e-04
8.5140485316514969e-04
8.5138954455032945e-04
8.5137423593550920e-04
8.5135933477431536e-04
8.5134466644376516e-04
8.5133011452853680e-04
8.5131614468991756e-04
8.5130310617387295e-04
8.5129082435742021e-04
8.5128023056313396e-04
8.5127196507528424e-04
8.5126678459346294e-04
8.5126666817814112e-04
8.5127382772043347e-04
8.5129274521023035e-04
8.5132865933701396e-04
8.5139099974185228e-04
8.5149414371699095e-04
8.5165986092761159e-04
8.5192534606903791e-04
8.5234176367521286e-04
8.5300073260441422e-04
8.5401855176314712e-04
8.5560849402099848e-04
8.5798604413866997e-04
8.6155434837564826e-04
8.6642202222719789e-04
8.7286124471575022e-04
8.7954039918258786e-04
8.8522437727078795e-04
8.8558933930471539e-04
8.7988196173682809e-04
8.6818949785083532e-04
8.5712998406961560e-04
8.5181934991851449e-04
8.5381668759509921e-04
8.5970800137147307e-04
8.6416123667731881e-04
8.6385064059868455e-04
8.5900654084980488e-04
8.5363531252369285e-04
8.5134670371189713e-04
8.5290952119976282e-04
8.5603020852431655e-04
8.5768388817086816e-04
8.5655791917815804e-04
8.5367797873914242e-04
8.5136143025010824e-04
8.5107819177210331e-04
8.5246050730347633e-04
8.5392198525369167e-04
8.5411249892786145e-04
8.5293542360886931e-04
8.5140886949375272e-04
8.5066282190382481e-04
8.5102266166359186e-04
8.5189385572448373e-04
8.5240392945706844e-04
8.5213157581165433e-04
8.5134193068370223e-04
8.5066235624253750e-04
8.5051869973540306e-04
8.5085636237636209e-04
8.5127528291195631e-04
8.5139804286882281e-04
8.5114373359829187e-04
8.5072498768568039e-04
8.5043808212503791e-04
8.5042614955455065e-04
8.5060804849490523e-04
8.5078418487682939e-04
8.5080158896744251e-04
8.5065222810953856e-04
8.5044594015926123e-04
8.5031311027705669e-04
8.5030787158757448e-04
8.5038726683706045e-04
8.5046089952811599e-04
8.5046124877408147e-04
8.5038377437740564e-04
8.5027678869664669e-04
8.5019937250763178e-04
8.5018004756420851e-04
8.5020560072734952e-04
8.5023767314851284e-04
8.5024203872308135e-04
8.5020816186442971e-04
8.5015106014907360e-04
8.5009727627038956e-04
8.5006584413349628e-04
8.5005938308313489e-04
8.5006613517180085e-04
8.5006980225443840e-04
8.5005850996822119e-04
8.5003237472847104e-04
8.4999884711578488e-04
8.4996782243251801e-04
8.4994634380564094e-04
8.4993476048111916e-04
8.4992824122309685e-04
8.4992096526548266e-04
8.4990856703370810e-04
8.4988970775157213e-04
8.4986753063276410e-04
8.4984506247565150e-04
8.4982567932456732e-04
8.4981019608676434e-04
8.4979808889329433e-04
8.4978668019175529e-04
8.4977410733699799e-04
8.4975949721410871e-04
8.4974261699244380e-04
8.4972445620223880e-04
8.4970617899671197e-04
8.4968906594440341e-04
8.4967352449893951e-04
8.4965932182967663e-04
8.4964552661404014e-04
8.4963184781372547e-04
8.4961729589849710e-04
8.4960204549133778e-04
8.4958592196926475e-04
8.4956979844719172e-04
8.4955373313277960e-04
8.4953772602602839e-04
8.4952247561886907e-04
8.4950757445767522e-04
8.4949278971180320e-04
8.4947823779657483e-04
8.4946345305070281e-04
8.4944843547418714e-04
8.4943318506702781e-04
8.4941764362156391e-04
8.4940227679908276e-04
8.4938661893829703e-04
8.4937136853113770e-04
8.4935588529333472e-04
8.4934092592447996e-04
8.4932579193264246e-04
8.4931077435612679e-04
8.4929598961025476e-04
8.4928103024140000e-04
8.4926607087254524e-04
8.4925105329602957e-04
8.4923615213483572e-04
8.4922154201194644e-04
8.4920699009671807e-04
8.4919249638915062e-04
8.4917858475819230e-04
8.4916496416553855e-04
8.4915215848013759e-04
8.4914028411731124e-04
8.4913015598431230e-04
8.4912189049646258e-04
8.4911729209125042e-04
8.4911740850657225e-04
8.4912532474845648e-04
8.4914424223825336e-04
8.4918114589527249e-04
8.4924272960051894e-04
8.4934674669057131e-04
8.4950553718954325e-04
8.4976194193586707e-04
8.5012899944558740e-04
8.5070304339751601e-04
8.5144332842901349e-04
8.5251766722649336e-04
8.5359613876789808e-04
8.5484876763075590e-04
8.5529003990814090e-04
8.5518375271931291e-04
8.5368537111207843e-04
8.5184513591229916e-04
8.5018976824358106e-04
8.4956298815086484e-04
8.5002527339383960e-04
8.5107987979426980e-04
8.5206795483827591e-04
8.5228396346792579e-04
8.5184938507154584e-04
8.5102306911721826e-04
8.5054582450538874e-04
8.5071084322407842e-04
8.5138785652816296e-04
8.5213978309184313e-04
8.5248332470655441e-04
8.5242150817066431e-04
8.5211970144882798e-04
8.5196417057886720e-04
8.5210800170898438e-04
8.5237907478585839e-04
8.5259700426831841e-04
8.5248186951503158e-04
8.5211242549121380e-04
8.5155136184766889e-04
8.5100613068789244e-04
8.5056573152542114e-04
8.5022038547322154e-04
8.4990239702165127e-04
8.4953970508649945e-04
8.4913650061935186e-04
8.4876472828909755e-04
8.4851356223225594e-04
8.4841903299093246e-04
8.4843899821862578e-04
8.4849377162754536e-04
8.4852159488946199e-04
8.4851821884512901e-04
8.4851525025442243e-04
8.4854662418365479e-04
8.4861897630617023e-04
8.4871362196281552e-04
8.4880489157512784e-04
8.4887427510693669e-04
8.4892613813281059e-04
8.4896798944100738e-04
8.4902264643460512e-04
8.4909558063372970e-04
8.4919499931856990e-04
8.4930949378758669e-04
8.4943271940574050e-04
8.4955978672951460e-04
8.4969616727903485e-04
8.4985111607238650e-04
8.5003848653286695e-04
8.5025152657181025e-04
8.5049902554601431e-04
8.5075350943952799e-04
8.5102755110710859e-04
8.5128372302278876e-04
8.5153686814010143e-04
8.5174135165289044e-04
8.5190241225063801e-04
8.5196824511513114e-04
8.5194199346005917e-04
8.5177598521113396e-04
8.5149513324722648e-04
8.5107987979426980e-04
8.5058721015229821e-04
8.5003464482724667e-04
8.4948760922998190e-04
8.4897660417482257e-04
8.4854295710101724e-04
8.4820244228467345e-04
8.4796262672170997e-04
8.4781716577708721e-04
8.4775401046499610e-04
8.4775558207184076e-04
8.4780360339209437e-04
8.4788148524239659e-04
8.4797531599178910e-04
8.4807485109195113e-04
8.4817205788567662e-04
8.4826408419758081e-04
8.4834598237648606e-04
8.4842066280543804e-04
8.4848573897033930e-04
8.4854592569172382e-04
8.4859889466315508e-04
8.4864918608218431e-04
8.4869377315044403e-04
8.4873836021870375e-04
8.4877904737368226e-04
8.4882281953468919e-04
8.4886449621990323e-04
8.4891222650185227e-04
8.4895873442292213e-04
8.4901385707780719e-04
8.4906927077099681e-04
8.4913393948227167e-04
8.4919825894758105e-04
8.4927142597734928e-04
8.4934115875512362e-04
8.4941851673647761e-04
8.4948714356869459e-04
8.4955815691500902e-04
8.4961229003965855e-04
8.4966217400506139e-04
8.4968615556135774e-04
8.4969808813184500e-04
8.4967573639005423e-04
8.4963423432782292e-04
8.4955384954810143e-04
8.4945221897214651e-04
8.4931403398513794e-04
8.4915803745388985e-04
8.4897590568289161e-04
8.4878678899258375e-04
8.4858533227816224e-04
8.4838853217661381e-04
8.4819411858916283e-04
8.4801367484033108e-04
8.4784644423052669e-04
8.4769818931818008e-04
8.4756704745814204e-04
8.4745499771088362e-04
8.4735924610868096e-04
8.4727944340556860e-04
8.4721244638785720e-04
8.4715749835595489e-04
8.4711203817278147e-04
8.4707414498552680e-04
8.4704236360266805e-04
8.4701535524800420e-04
8.4699306171387434e-04
8.4697367856279016e-04
8.4695738041773438e-04
8.4694387624040246e-04
8.4693328244611621e-04
8.4692594828084111e-04
8.4692228119820356e-04
8.4692361997440457e-04
8.4693101234734058e-04
8.4694701945409179e-04
8.4697460988536477e-04
8.4701826563104987e-04
8.4708404028788209e-04
8.4718194557353854e-04
8.4732379764318466e-04
8.4753008559346199e-04
8.4782479098066688e-04
8.4825075464323163e-04
8.4885128308087587e-04
8.4970897296443582e-04
8.5088884225115180e-04
8.5252796998247504e-04
8.5465185111388564e-04
8.5738470079377294e-04
8.6043879855424166e-04
8.6364167509600520e-04
8.6588721023872495e-04
8.6661684326827526e-04
8.6453068070113659e-04
8.6026353528723121e-04
8.5467542521655560e-04
8.5004512220621109e-04
8.4769004024565220e-04
8.4796268492937088e-04
8.4989191964268684e-04
8.5203256458044052e-04
8.5313763702288270e-04
8.5258495528250933e-04
8.5076963296160102e-04
8.4860104834660888e-04
8.4711698582395911e-04
8.4680126747116446e-04
8.4749318193644285e-04
8.4855069871991873e-04
8.4929942386224866e-04
8.4931601304560900e-04
8.4861501818522811e-04
8.4757048171013594e-04
8.4667460760101676e-04
8.4627349860966206e-04
8.4641331341117620e-04
8.4687880007550120e-04
8.4734690608456731e-04
8.4756215801462531e-04
8.4743031766265631e-04
8.4704125765711069e-04
8.4658298874273896e-04
8.4624462760984898e-04
8.4612274076789618e-04
8.4620056441053748e-04
8.4638060070574284e-04
8.4654561942443252e-04
8.4661011351272464e-04
8.4655103273689747e-04
8.4640010027214885e-04
8.4622233407571912e-04
8.4608048200607300e-04
8.4601028356701136e-04
8.4601226262748241e-04
8.4605964366346598e-04
8.4611517377197742e-04
8.4614619845524430e-04
8.4613665239885449e-04
8.4608804900199175e-04
8.4601622074842453e-04
8.4594154031947255e-04
8.4588129539042711e-04
8.4584497381001711e-04
8.4583251737058163e-04
8.4583746502175927e-04
8.4584904834628105e-04
8.4585795411840081e-04
8.4585684817284346e-04
8.4584328578785062e-04
8.4581912960857153e-04
8.4578787209466100e-04
8.4575510118156672e-04
8.4572489140555263e-04
8.4569986211135983e-04
8.4568094462156296e-04
8.4566749865189195e-04
8.4565812721848488e-04
8.4565056022256613e-04
8.4564305143430829e-04
8.4563420386984944e-04
8.4562296979129314e-04
8.4560946561396122e-04
8.4559433162212372e-04
8.4557780064642429e-04
8.4556086221709847e-04
8.4554433124139905e-04
8.4552890621125698e-04
8.4551493637263775e-04
8.4550317842513323e-04
8.4549357416108251e-04
8.4548711311072111e-04
8.4548391168937087e-04
8.4548542508855462e-04
8.4549211896955967e-04
8.4550713654607534e-04
8.4553175838664174e-04
8.4557244554162025e-04
8.4563106065616012e-04
8.4572203923016787e-04
8.4584701107814908e-04
8.4603484719991684e-04
8.4627943579107523e-04
8.4663846064358950e-04
8.4706826601177454e-04
8.4766768850386143e-04
8.4826711099594831e-04
8.4900553338229656e-04
8.4945769049227238e-04
8.4981706459075212e-04
8.4953528130427003e-04
8.4902078378945589e-04
8.4815412992611527e-04
8.4749329835176468e-04
8.4721966413781047e-04
8.4749824600294232e-04
8.4819749463349581e-04
8.4907416021451354e-04
8.4987358422949910e-04
8.5031893104314804e-04
8.5042946739122272e-04
8.5019710240885615e-04
8.4986258298158646e-04
8.4956572391092777e-04
8.4934185724705458e-04
8.4918172797188163e-04
8.4887893171980977e-04
8.4842927753925323e-04
8.4770953981205821e-04
8.4689684445038438e-04
8.4608007455244660e-04
8.4544881246984005e-04
8.4507948486134410e-04
8.4496889030560851e-04
8.4503751713782549e-04
8.4517447976395488e-04
8.4530032472684979e-04
8.4537017391994596e-04
8.4541039541363716e-04
8.4544916171580553e-04
8.4552314365282655e-04
8.4562913980334997e-04
8.4574805805459619e-04
8.4584200521931052e-04
8.4588833851739764e-04
8.4587646415457129e-04
8.4581685950979590e-04
8.4573082858696580e-04
8.4564008284360170e-04
8.4556033834815025e-04
8.4549782332032919e-04
8.4544345736503601e-04
8.4539328236132860e-04
8.4533228073269129e-04
8.4526452701538801e-04
8.4518786752596498e-04
8.4511650493368506e-04
8.4505393169820309e-04
8.4500759840011597e-04
8.4497686475515366e-04
8.4496033377945423e-04
8.4495404735207558e-04
8.4495538612827659e-04
8.4496225463226438e-04
8.4497651550918818e-04
8.4499997319653630e-04
8.4503873949870467e-04
8.4509630687534809e-04
8.4518099902197719e-04
8.4529625019058585e-04
8.4545166464522481e-04
8.4564986173063517e-04
8.4590655751526356e-04
8.4622518625110388e-04
8.4663199959322810e-04
8.4712571697309613e-04
8.4774265997111797e-04
8.4845983656123281e-04
8.4931048331782222e-04
8.5021409904584289e-04
8.5117359412834048e-04
8.5200538160279393e-04
8.5265992674976587e-04
8.5286062676459551e-04
8.5258611943572760e-04
8.5165689233690500e-04
8.5026648594066501e-04
8.4853678708896041e-04
8.4684725152328610e-04
8.4544415585696697e-04
8.4454333409667015e-04
8.4418134065344930e-04
8.4428186528384686e-04
8.4468617569655180e-04
8.4521505050361156e-04
8.4571447223424911e-04
8.4606342716142535e-04
8.4621424321085215e-04
8.4614282241091132e-04
8.4590009646490216e-04
8.4552721818909049e-04
8.4511446766555309e-04
8.4471283480525017e-04
8.4438500925898552e-04
8.4414921002462506e-04
8.4401690401136875e-04
8.4397278260439634e-04
8.4399647312238812e-04
8.4406137466430664e-04
8.4414391312748194e-04
8.4422400686889887e-04
8.4428704576566815e-04
8.4432604489848018e-04
8.4433634765446186e-04
8.4432156290858984e-04
8.4428151603788137e-04
8.4422569489106536e-04
8.4415450692176819e-04
8.4407912800088525e-04
8.4399909246712923e-04
8.4392336430028081e-04
8.4385101217776537e-04
8.4378756582736969e-04
8.4373232675716281e-04
8.4368663374334574e-04
8.4364973008632660e-04
8.4362074267119169e-04
8.4359862376004457e-04
8.4358168533071876e-04
8.4356917068362236e-04
8.4355939179658890e-04
8.4355170838534832e-04
8.4354530554264784e-04
8.4354018326848745e-04
8.4353552665561438e-04
8.4353191778063774e-04
8.4352924022823572e-04
8.4352819249033928e-04
8.4352924022823572e-04
8.4353360580280423e-04
8.4354256978258491e-04
8.4355793660506606e-04
8.4358145250007510e-04
8.4361783228814602e-04
8.4366986993700266e-04
8.4374606376513839e-04
8.4385299123823643e-04
8.4400677587836981e-04
8.4422004874795675e-04
8.4452563896775246e-04
8.4494624752551317e-04
8.4554479690268636e-04
8.4635708481073380e-04
8.4749673260375857e-04
8.4898795466870070e-04
8.5099582793191075e-04
8.5340102668851614e-04
8.5630803368985653e-04
8.5909035988152027e-04
8.6153007578104734e-04
8.6225947597995400e-04
8.6107326205819845e-04
8.5726496763527393e-04
8.5215631406754255e-04
8.4712175885215402e-04
8.4390660049393773e-04
8.4318075096234679e-04
8.4454275202006102e-04
8.4685644833371043e-04
8.4880908252671361e-04
8.4954139310866594e-04
8.4872276056557894e-04
8.4688467904925346e-04
8.4483483806252480e-04
8.4343028720468283e-04
8.4305007476359606e-04
8.4356730803847313e-04
8.4449810674414039e-04
8.4528193110600114e-04
8.4554066415876150e-04
8.4517977666109800e-04
8.4441481158137321e-04
8.4359227912500501e-04
8.4303529001772404e-04
8.4288592915982008e-04
8.4308872465044260e-04
8.4345409413799644e-04
8.4376567974686623e-04
8.4387481911107898e-04
8.4374513244256377e-04
8.4344792412593961e-04
8.4310839883983135e-04
8.4284611511975527e-04
8.4272678941488266e-04
8.4274972323328257e-04
8.4286299534142017e-04
8.4299454465508461e-04
8.4308127406984568e-04
8.4308936493471265e-04
8.4302033064886928e-04
8.4290129598230124e-04
8.4277091082185507e-04
8.4266316844150424e-04
8.4259908180683851e-04
8.4258092101663351e-04
8.4259774303063750e-04
8.4263016469776630e-04
8.4265921032056212e-04
8.4267172496765852e-04
8.4266165504232049e-04
8.4263068856671453e-04
8.4258592687547207e-04
8.4253633394837379e-04
8.4249052451923490e-04
8.4245426114648581e-04
8.4242969751358032e-04
8.4241613512858748e-04
8.4241095464676619e-04
8.4240984870120883e-04
8.4240926662459970e-04
8.4240664727985859e-04
8.4239937132224441e-04
8.4238738054409623e-04
8.4237148985266685e-04
8.4235239773988724e-04
8.4233161760494113e-04
8.4231072105467319e-04
8.4229058120399714e-04
8.4227195475250483e-04
8.4225583123043180e-04
8.4224215243011713e-04
8.4223120938986540e-04
8.4222247824072838e-04
8.4221683209761977e-04
8.4221409633755684e-04
8.4221531869843602e-04
8.4222143050283194e-04
8.4223470184952021e-04
8.4225705359131098e-04
8.4229389904066920e-04
8.4234960377216339e-04
8.4243644960224628e-04
8.4255973342806101e-04
8.4274745313450694e-04
8.4300059825181961e-04
8.4337656153365970e-04
8.4384309593588114e-04
8.4449938731268048e-04
8.4517995128408074e-04
8.4601307753473520e-04
8.4652868099510670e-04
8.4689079085364938e-04
8.4647181211039424e-04
8.4570085164159536e-04
8.4450567374005914e-04
8.4352918202057481e-04
8.4304413758218288e-04
8.4321084432303905e-04
8.4387813694775105e-04
8.4470555884763598e-04
8.4543833509087563e-04
8.4574380889534950e-04
8.4578938549384475e-04
8.4562844131141901e-04
8.4565917495638132e-04
8.4597722161561251e-04
8.4659294225275517e-04
8.4729981608688831e-04
8.4779533790424466e-04
8.4793544374406338e-04
8.4760325262323022e-04
8.4692495875060558e-04
8.4607343887910247e-04
8.4516819333657622e-04
8.4436108591035008e-04
8.4363349014893174e-04
8.4302038885653019e-04
8.4248068742454052e-04
8.4205309394747019e-04
8.4176345262676477e-04
8.4166321903467178e-04
8.4175792289897799e-04
8.4200018318369985e-04
8.4230367792770267e-04
8.4257184062153101e-04
8.4275240078568459e-04
8.4282050374895334e-04
8.4281124873086810e-04
8.4274745313450694e-04
8.4266718477010727e-04
8.4257038543000817e-04
8.4246299229562283e-04
8.4233237430453300e-04
8.4217998664826155e-04
8.4201170830056071e-04
8.4184069419279695e-04
8.4168592002242804e-04
8.4156094817444682e-04
8.4147218149155378e-04
8.4141542902216315e-04
8.4137980593368411e-04
8.4135436918586493e-04
8.4133120253682137e-04
8.4130873437970877e-04
8.4128882735967636e-04
8.4127427544444799e-04
8.4126740694046021e-04
8.4126833826303482e-04
8.4127555601298809e-04
8.4128684829920530e-04
8.4130052709951997e-04
8.4131577750667930e-04
8.4133312338963151e-04
8.4135466022416949e-04
8.4138452075421810e-04
8.4142689593136311e-04
8.4148772293701768e-04
8.4157160017639399e-04
8.4168749162927270e-04
8.4184267325326800e-04
8.4205280290916562e-04
8.4233254892751575e-04
8.4271014202386141e-04
8.4320857422426343e-04
8.4387499373406172e-04
8.4473588503897190e-04
8.4585376316681504e-04
8.4721582243219018e-04
8.4886269178241491e-04
8.5061718709766865e-04
8.5239764302968979e-04
8.5369439329952002e-04
8.5429276805371046e-04
8.5356453200802207e-04
8.5164769552648067e-04
8.4863544907420874e-04
8.4542389959096909e-04
8.4274954861029983e-04
8.4125163266435266e-04
8.4103667177259922e-04
8.4180320845916867e-04
8.4301544120535254e-04
8.4411562420427799e-04
8.4472354501485825e-04
8.4464077372103930e-04
8.4398733451962471e-04
8.4299029549583793e-04
8.4200897254049778e-04
8.4128626622259617e-04
8.4095977945253253e-04
8.4099225932732224e-04
8.4125768626108766e-04
8.4158289246261120e-04
8.4182346472516656e-04
8.4189919289201498e-04
8.4179546684026718e-04
8.4156659431755543e-04
8.4128492744639516e-04
8.4103271365165710e-04
8.4085436537861824e-04
8.4077083738520741e-04
8.4076152415946126e-04
8.4079854423180223e-04
8.4084307309240103e-04
8.4087019786238670e-04
8.4086606511846185e-04
8.4083079127594829e-04
8.4077392239123583e-04
8.4070785669609904e-04
8.4064528346061707e-04
8.4059411892667413e-04
8.4055843763053417e-04
8.4053474711254239e-04
8.4052101010456681e-04
8.4050884470343590e-04
8.4049650467932224e-04
8.4047910058870912e-04
8.4045692346990108e-04
8.4043008973821998e-04
8.4040110232308507e-04
8.4037223132327199e-04
8.4034568862989545e-04
8.4032287122681737e-04
8.4030407015234232e-04
8.4028963465243578e-04
8.4027863340452313e-04
8.4027019329369068e-04
8.4026315016672015e-04
8.4025645628571510e-04
8.4024918032810092e-04
8.4024132229387760e-04
8.4023183444514871e-04
8.4022124065086246e-04
8.4020901704207063e-04
8.4019609494134784e-04
8.4018200868740678e-04
8.4016786422580481e-04
8.4015313768759370e-04
8.4013916784897447e-04
8.4012525621801615e-04
8.4011262515559793e-04
8.4010080900043249e-04
8.4009079728275537e-04
8.4008218254894018e-04
8.4007641999050975e-04
8.4007333498448133e-04
8.4007444093003869e-04
8.4008014528080821e-04
8.4009324200451374e-04
8.4011460421606898e-04
8.4014912135899067e-04
8.4019923815503716e-04
8.4027450066059828e-04
8.4037892520427704e-04
8.4053253522142768e-04
8.4074150072410703e-04
8.4104610141366720e-04
8.4145553410053253e-04
8.4204965969547629e-04
8.4283109754323959e-04
8.4394996520131826e-04
8.4536429494619370e-04
8.4731966489925981e-04
8.4960233652964234e-04
8.5250195115804672e-04
8.5535220568999648e-04
8.5824064444750547e-04
8.5980549920350313e-04
8.5982610471546650e-04
8.5717107867822051e-04
8.5253879660740495e-04
8.4703363245353103e-04
8.4261380834504962e-04
8.4062758833169937e-04
8.4117753431200981e-04
8.4332248661667109e-04
8.4550463361665606e-04
8.4661500295624137e-04
8.4602739661931992e-04
8.4417907055467367e-04
8.4196089301258326e-04
8.4037566557526588e-04
8.3993602311238647e-04
8.4050028817728162e-04
8.4150838665664196e-04
8.4227131446823478e-04
8.4241415606811643e-04
8.4187061293050647e-04
8.4096594946458936e-04
8.4011757280677557e-04
8.3965959493070841e-04
8.3967577666044235e-04
8.4000878268852830e-04
8.4040156798437238e-04
8.4060907829552889e-04
8.4054481703788042e-04
8.4024388343095779e-04
8.3986064419150352e-04
8.3954859292134643e-04
8.3940575132146478e-04
8.3943601930513978e-04
8.3956762682646513e-04
8.3970825653523207e-04
8.3977577742189169e-04
8.3974469453096390e-04
8.3962734788656235e-04
8.3947455277666450e-04
8.3933863788843155e-04
8.3925586659461260e-04
8.3923427155241370e-04
8.3925848593935370e-04
8.3930091932415962e-04
8.3933304995298386e-04
8.3933823043480515e-04
8.3931087283417583e-04
8.3925994113087654e-04
8.3919969620183110e-04
8.3914498100057244e-04
8.3910510875284672e-04
8.3908333908766508e-04
8.3907722728326917e-04
8.3907938096672297e-04
8.3908269880339503e-04
8.3908153465017676e-04
8.3907216321676970e-04
8.3905470091849566e-04
8.3903095219284296e-04
8.3900458412244916e-04
8.3897879812866449e-04
8.3895563147962093e-04
8.3893688861280680e-04
8.3892227848991752e-04
8.3891098620370030e-04
8.3890178939327598e-04
8.3889334928244352e-04
8.3888421067968011e-04
8.3887390792369843e-04
8.3886180073022842e-04
8.3884806372225285e-04
8.3883304614573717e-04
8.3881744649261236e-04
8.3880161400884390e-04
8.3878578152507544e-04
8.3877053111791611e-04
8.3875609561800957e-04
8.3874206757172942e-04
8.3872891264036298e-04
8.3871616516262293e-04
8.3870399976149201e-04
8.3869206719100475e-04
8.3868030924350023e-04
8.3866855129599571e-04
8.3865696797147393e-04
8.3864509360864758e-04
8.3863327745348215e-04
8.3862140309065580e-04
8.3860952872782946e-04
8.3859777078032494e-04
8.3858566358685493e-04
8.3857402205467224e-04
8.3856249693781137e-04
8.3855114644393325e-04
8.3854008698835969e-04
8.3852937677875161e-04
8.3851936506107450e-04
8.3850993542000651e-04
8.3850166993215680e-04
8.3849485963582993e-04
8.3848979556933045e-04
8.3848705980926752e-04
8.3848816575482488e-04
8.3849375369027257e-04
8.3850661758333445e-04
8.3852780517190695e-04
8.3856354467570782e-04
8.3861569873988628e-04
8.3869643276557326e-04
8.3880970487371087e-04
8.3897978765890002e-04
8.3920935867354274e-04
8.3954958245158195e-04
8.3998835179954767e-04
8.4061955567449331e-04
8.4137229714542627e-04
8.4239756688475609e-04
8.4347673691809177e-04
8.4483053069561720e-04
8.4609293844550848e-04
8.4764382336288691e-04
8.4928388241678476e-04
8.5153523832559586e-04
8.5437437519431114e-04
8.5757911438122392e-04
8.6053565610200167e-04
8.6134677985683084e-04
8.5966137703508139e-04
8.5420580580830574e-04
8.4755348507314920e-04
8.4155285730957985e-04
8.3880405873060226e-04
8.3964649820700288e-04
8.4274116670712829e-04
8.4592244820669293e-04
8.4706424968317151e-04
8.4575952496379614e-04
8.4257713751867414e-04
8.3951227134093642e-04
8.3803967572748661e-04
8.3854299737140536e-04
8.4019580390304327e-04
8.4165669977664948e-04
8.4203557344153523e-04
8.4114843048155308e-04
8.3969754632562399e-04
8.3850190276280046e-04
8.3807494957000017e-04
8.3836761768907309e-04
8.3895400166511536e-04
8.3940167678520083e-04
8.3945202641189098e-04
8.3915283903479576e-04
8.3868042565882206e-04
8.3825929323211312e-04
8.3802454173564911e-04
8.3799986168742180e-04
8.3812442608177662e-04
8.3828810602426529e-04
8.3839899161830544e-04
8.3839439321309328e-04
8.3826942136511207e-04
8.3806837210431695e-04
8.3786563482135534e-04
8.3773746155202389e-04
8.3771813660860062e-04
8.3779019769281149e-04
8.3789246855303645e-04
8.3795742830261588e-04
8.3794596139341593e-04
8.3786115283146501e-04
8.3774339873343706e-04
8.3764042938128114e-04
8.3758460823446512e-04
8.3757977699860930e-04
8.3760713459923863e-04
8.3763973088935018e-04
8.3765567978844047e-04
8.3764636656269431e-04
8.3761505084112287e-04
8.3757302490994334e-04
8.3753163926303387e-04
8.3749799523502588e-04
8.3747482858598232e-04
8.3746027667075396e-04
8.3745195297524333e-04
8.3744717994704843e-04
8.3744357107207179e-04
8.3743903087452054e-04
8.3743076538667083e-04
8.3741807611659169e-04
8.3740020636469126e-04
8.3737866953015327e-04
8.3735625958070159e-04
8.3733524661511183e-04
8.3731755148619413e-04
8.3730416372418404e-04
8.3729409379884601e-04
8.3728606114163995e-04
8.3727808669209480e-04
8.3726941375061870e-04
8.3725893637165427e-04
8.3724706200882792e-04
8.3723402349278331e-04
8.3722022827714682e-04
8.3720631664618850e-04
8.3719252143055201e-04
8.3717866800725460e-04
8.3716498920693994e-04
8.3715136861428618e-04
8.3713786443695426e-04
8.3712488412857056e-04
8.3711213665083051e-04
8.3709985483437777e-04
8.3708809688687325e-04
8.3707639714702964e-04
8.3706510486081243e-04
8.3705369615927339e-04
8.3704228745773435e-04
8.3703052951022983e-04
8.3701882977038622e-04
8.3700707182288170e-04
8.3699531387537718e-04
8.3698349772021174e-04
8.3697185618802905e-04
8.3696021465584636e-04
8.3694868953898549e-04
8.3693739725276828e-04
8.3692587213590741e-04
8.3691475447267294e-04
8.3690375322476029e-04
8.3689310122281313e-04
8.3688291488215327e-04
8.3687301957979798e-04
8.3686405560001731e-04
8.3685590652748942e-04
8.3684932906180620e-04
8.3684467244893312e-04
8.3684269338846207e-04
8.3684426499530673e-04
8.3685107529163361e-04
8.3686504513025284e-04
8.3688984159380198e-04
8.3692959742620587e-04
8.3699182141572237e-04
8.3708617603406310e-04
8.3722837734967470e-04
8.3743949653580785e-04
8.3775439998134971e-04
8.3821767475455999e-04
8.3890440873801708e-04
8.3990179700776935e-04
8.4135396173223853e-04
8.4338296437636018e-04
8.4618246182799339e-04
8.4971520118415356e-04
8.5392303299158812e-04
8.5789477452635765e-04
8.6070300312712789e-04
8.6031667888164520e-04
8.5638923337683082e-04
8.4931036690250039e-04
8.4221380529925227e-04
8.3782052388414741e-04
8.3746883319690824e-04
8.4012746810913086e-04
8.4348581731319427e-04
8.4530835738405585e-04
8.4445514949038625e-04
8.4162142593413591e-04
8.3847285714000463e-04
8.3674566121771932e-04
8.3699595415964723e-04
8.3855167031288147e-04
8.4012007573619485e-04
8.4064737893640995e-04
8.3986500976607203e-04
8.3830609219148755e-04
8.3689915481954813e-04
8.3632842870429158e-04
8.3667191211134195e-04
8.3747220924124122e-04
8.3810411160811782e-04
8.3817390259355307e-04
8.3768478361889720e-04
8.3696685032919049e-04
8.3642423851415515e-04
8.3628197899088264e-04
8.3649996668100357e-04
8.3684449782595038e-04
8.3706370787695050e-04
8.3702412666752934e-04
8.3676591748371720e-04
8.3643890684470534e-04
8.3620299119502306e-04
8.3614088362082839e-04
8.3623087266460061e-04
8.3638011710718274e-04
8.3648535655811429e-04
8.3648768486455083e-04
8.3639059448614717e-04
8.3624664694070816e-04
8.3611946320161223e-04
8.3605252439156175e-04
8.3605269901454449e-04
8.3609594730660319e-04
8.3614327013492584e-04
8.3616271149367094e-04
8.3614193135872483e-04
8.3608838031068444e-04
8.3602283848449588e-04
8.3596660988405347e-04
8.3593296585604548e-04
8.3592435112223029e-04
8.3593261661008000e-04
8.3594489842653275e-04
8.3594990428537130e-04
8.3594181342050433e-04
8.3592033479362726e-04
8.3589082350954413e-04
8.3585974061861634e-04
8.3583337254822254e-04
8.3581497892737389e-04
8.3580455975607038e-04
8.3579943748190999e-04
8.3579664351418614e-04
8.3579216152429581e-04
8.3578447811305523e-04
8.3577277837321162e-04
8.3575822645798326e-04
8.3574198652058840e-04
8.3572632865980268e-04
8.3571299910545349e-04
8.3570281276479363e-04
8.3569675916805863e-04
8.3569460548460484e-04
8.3569705020636320e-04
8.3570409333333373e-04
8.3571823779493570e-04
8.3574041491374373e-04
8.3577650366351008e-04
8.3583040395751595e-04
8.3591573638841510e-04
8.3603628445416689e-04
8.3622382953763008e-04
8.3647732390090823e-04
8.3686108700931072e-04
8.3734036888927221e-04
8.3803309826180339e-04
8.3876523422077298e-04
8.3970656851306558e-04
8.4034289466217160e-04
8.4089516894891858e-04
8.4059988148510456e-04
8.3994871238246560e-04
8.3873438416048884e-04
8.3769595948979259e-04
8.3707383600994945e-04
8.3703541895374656e-04
8.3737057866528630e-04
8.3772448124364018e-04
8.3782011643052101e-04
8.3745853044092655e-04
8.3681277465075254e-04
8.3608791464939713e-04
8.3558034384623170e-04
8.3540915511548519e-04
8.3551986608654261e-04
8.3574594464153051e-04
8.3589897258207202e-04
8.3590118447318673e-04
8.3574373275041580e-04
8.3553895819932222e-04
8.3538633771240711e-04
8.3535315934568644e-04
8.3543534856289625e-04
8.3557312609627843e-04
8.3569745765998960e-04
8.3574838936328888e-04
8.3573086885735393e-04
8.3566497778519988e-04
8.3561142673715949e-04
8.3560479106381536e-04
8.3566131070256233e-04
8.3576503675431013e-04
8.3589134737849236e-04
8.3601666847243905e-04
8.3613471360877156e-04
8.3625526167452335e-04
8.3640078082680702e-04
8.3659501979127526e-04
8.3686265861615539e-04
8.3720777183771133e-04
8.3764910232275724e-04
8.3815929247066379e-04
8.3876727148890495e-04
8.3941203774884343e-04
8.4013945888727903e-04
8.4083754336461425e-04
8.4153650095686316e-04
8.4205303573980927e-04
8.4237824194133282e-04
8.4230018546804786e-04
8.4184331353753805e-04
8.4091391181573272e-04
8.3968776743859053e-04
8.3827762864530087e-04
8.3694787463173270e-04
8.3586259279400110e-04
8.3515379810705781e-04
8.3483889466151595e-04
8.3486427320167422e-04
8.3512626588344574e-04
8.3550903946161270e-04
8.3591020666062832e-04
8.3624600665643811e-04
8.3647324936464429e-04
8.3655578782781959e-04
8.3650724263861775e-04
8.3633064059540629e-04
8.3607382839545608e-04
8.3576136967167258e-04
8.3544611698016524e-04
8.3515339065343142e-04
8.3491485565900803e-04
8.3474122220650315e-04
8.3463691407814622e-04
8.3459442248567939e-04
8.3460152382031083e-04
8.3464273484423757e-04
8.3470309618860483e-04
8.3476962754502892e-04
8.3483220078051090e-04
8.3488592645153403e-04
8.3492574049159884e-04
8.3495338913053274e-04
8.3496759179979563e-04
8.3497236482799053e-04
8.3496735896915197e-04
8.3495752187445760e-04
8.3494227146729827e-04
8.3492597332224250e-04
8.3490717224776745e-04
8.3489023381844163e-04
8.3487376105040312e-04
8.3486078074201941e-04
8.3485071081668139e-04
8.3484663628041744e-04
8.3484774222597480e-04
8.3485810318961740e-04
8.3487643860280514e-04
8.3490769611671567e-04
8.3495071157813072e-04
8.3501223707571626e-04
8.3509256364777684e-04
8.3520112093538046e-04
8.3533796714618802e-04
8.3551835268735886e-04
8.3574181189760566e-04
8.3603186067193747e-04
8.3638523938134313e-04
8.3683570846915245e-04
8.3736970555037260e-04
8.3803292363882065e-04
8.3877984434366226e-04
8.3965924568474293e-04
8.4055203478783369e-04
8.4149104077368975e-04
8.4224052261561155e-04
8.4281386807560921e-04
8.4288563812151551e-04
8.4252870874479413e-04
8.4152177441865206e-04
8.4012973820790648e-04
8.3842017920687795e-04
8.3677668590098619e-04
8.3539745537564158e-04
8.3449180237948895e-04
8.3409453509375453e-04
8.3414581604301929e-04
8.3450827514752746e-04
8.3501986227929592e-04
8.3553465083241463e-04
8.3593057934194803e-04
8.3615171024575830e-04
8.3615345647558570e-04
8.3597592310979962e-04
8.3564093802124262e-04
8.3523709326982498e-04
8.3481165347620845e-04
8.3443801850080490e-04
8.3414663095027208e-04
8.3396083209663630e-04
8.3387631457298994e-04
8.3387683844193816e-04
8.3393690874800086e-04
8.3402916789054871e-04
8.3412992535158992e-04
8.3421921590343118e-04
8.3428650395944715e-04
8.3432329120114446e-04
8.3433144027367234e-04
8.3431001985445619e-04
8.3426805213093758e-04
8.3420705050230026e-04
8.3413760876283050e-04
8.3406193880364299e-04
8.3398760762065649e-04
8.3391577936708927e-04
8.3385058678686619e-04
8.3379185525700450e-04
8.3374150563031435e-04
8.3369843196123838e-04
8.3366234321147203e-04
8.3363230805844069e-04
8.3360716234892607e-04
8.3358638221397996e-04
8.3356845425441861e-04
8.3355326205492020e-04
8.3353969966992736e-04
8.3352759247645736e-04
8.3351635839790106e-04
8.3350582281127572e-04
8.3349586930125952e-04
8.3348632324486971e-04
8.3347735926508904e-04
8.3346891915425658e-04
8.3346111932769418e-04
8.3345442544668913e-04
8.3344889571890235e-04
8.3344534505158663e-04
8.3344418089836836e-04
8.3344674203544855e-04
8.3345419261604548e-04
8.3346897736191750e-04
8.3349394844844937e-04
8.3353411173447967e-04
8.3359575364738703e-04
8.3368981722742319e-04
8.3382945740595460e-04
8.3404016913846135e-04
8.3434820408001542e-04
8.3481200272217393e-04
8.3548453403636813e-04
8.3649344742298126e-04
8.3792593795806170e-04
8.4003218216821551e-04
8.4285705816000700e-04
8.4674661047756672e-04
8.5125380428507924e-04
8.5636501898989081e-04
8.6007540812715888e-04
8.6150161223486066e-04
8.5805333219468594e-04
8.5081747965887189e-04
8.4183324361220002e-04
8.3520478801801801e-04
8.3330972120165825e-04
8.3579536294564605e-04
8.4016885375604033e-04
8.4327009972184896e-04
8.4339774912223220e-04
8.4040965884923935e-04
8.3638721844181418e-04
8.3358277333900332e-04
8.3321839338168502e-04
8.3483074558898807e-04
8.3688256563618779e-04
8.3794404054060578e-04
8.3733885549008846e-04
8.3561742212623358e-04
8.3385052857920527e-04
8.3299621473997831e-04
8.3328207256272435e-04
8.3421345334500074e-04
8.3502661436796188e-04
8.3516002632677555e-04
8.3459966117516160e-04
8.3372683729976416e-04
8.3305686712265015e-04
8.3288614405319095e-04
8.3316571544855833e-04
8.3360262215137482e-04
8.3387206541374326e-04
8.3381962031126022e-04
8.3349668420851231e-04
8.3310308400541544e-04
8.3283783169463277e-04
8.3279208047315478e-04
8.3292409544810653e-04
8.3310698391869664e-04
8.3321600686758757e-04
8.3318806719034910e-04
8.3304708823561668e-04
8.3286862354725599e-04
8.3273346535861492e-04
8.3268526941537857e-04
8.3271792391315103e-04
8.3278788952156901e-04
8.3284365246072412e-04
8.3285185974091291e-04
8.3280738908797503e-04
8.3273148629814386e-04
8.3265459397807717e-04
8.3260203246027231e-04
8.3258410450071096e-04
8.3259399980306625e-04
8.3261518739163876e-04
8.3263008855283260e-04
8.3262758562341332e-04
8.3260599058121443e-04
8.3257153164595366e-04
8.3253363845869899e-04
8.3250220632180572e-04
8.3248195005580783e-04
8.3247298607602715e-04
8.3247135626152158e-04
8.3247147267684340e-04
8.3246879512444139e-04
8.3246047142893076e-04
8.3244580309838057e-04
8.3242700202390552e-04
8.3240692038089037e-04
8.3238747902214527e-04
8.3237106446176767e-04
8.3235820056870580e-04
8.3234807243570685e-04
8.3233974874019623e-04
8.3233206532895565e-04
8.3232368342578411e-04
8.3231367170810699e-04
8.3230237942188978e-04
8.3228963194414973e-04
8.3227606955915689e-04
8.3226227434352040e-04
8.3224871195852757e-04
8.3223561523482203e-04
8.3222310058772564e-04
8.3221169188618660e-04
8.3220074884593487e-04
8.3218998042866588e-04
8.3217950304970145e-04
8.3216914208605886e-04
8.3215849008411169e-04
8.3214766345918179e-04
8.3213648758828640e-04
8.3212507888674736e-04
8.3211349556222558e-04
8.3210167940706015e-04
8.3208986325189471e-04
8.3207798888906837e-04
8.3206628914922476e-04
8.3205458940938115e-04
8.3204283146187663e-04
8.3203124813735485e-04
8.3201978122815490e-04
8.3200843073427677e-04
8.3199719665572047e-04
8.3198590436950326e-04
8.3197472849860787e-04
8.3196378545835614e-04
8.3195290062576532e-04
8.3194224862381816e-04
8.3193206228315830e-04
8.3192245801910758e-04
8.3191355224698782e-04
8.3190598525106907e-04
8.3190063014626503e-04
8.3189859287813306e-04
8.3190167788416147e-04
8.3191314479336143e-04
8.3193834871053696e-04
8.3198520587757230e-04
8.3206832641735673e-04
8.3220587112009525e-04
8.3244097186252475e-04
8.3281268598511815e-04
8.3343422738835216e-04
8.3435530541464686e-04
8.3582918159663677e-04
8.3771272329613566e-04
8.4035465260967612e-04
8.4264640463516116e-04
8.4485654952004552e-04
8.4511173190549016e-04
8.4489665459841490e-04
8.4455672185868025e-04
8.4598682587966323e-04
8.4899744251742959e-04
8.5164781194180250e-04
8.5225328803062439e-04
8.4800418699160218e-04
8.4155244985595345e-04
8.3553040167316794e-04
8.3286891458556056e-04
8.3335395902395248e-04
8.3499582251533866e-04
8.3641841774806380e-04
8.3708862075582147e-04
8.3736784290522337e-04
8.3716964581981301e-04
8.3614815957844257e-04
8.3449383964762092e-04
8.3275465294718742e-04
8.3176477346569300e-04
8.3194236503913999e-04
8.3300488768145442e-04
8.3409162471070886e-04
8.3439453737810254e-04
8.3379604620859027e-04
8.3289871690794826e-04
8.3225668640807271e-04
8.3197257481515408e-04
8.3183683454990387e-04
8.3177589112892747e-04
8.3186663687229156e-04
8.3212734898552299e-04
8.3238049410283566e-04
8.3242281107231975e-04
8.3220546366646886e-04
8.3183537935838103e-04
8.3150737918913364e-04
8.3135050954297185e-04
8.3137990441173315e-04
8.3149876445531845e-04
8.3158735651522875e-04
8.3161151269450784e-04
8.3160342182964087e-04
8.3159451605752110e-04
8.3156104665249586e-04
8.3146995166316628e-04
8.3134183660149574e-04
8.3123496733605862e-04
8.3119136979803443e-04
8.3120533963665366e-04
8.3124201046302915e-04
8.3127093967050314e-04
8.3127926336601377e-04
8.3126901881769300e-04
8.3124946104362607e-04
8.3122716750949621e-04
8.3120097406208515e-04
8.3116546738892794e-04
8.3112251013517380e-04
8.3108339458703995e-04
8.3106034435331821e-04
8.3105469821020961e-04
8.3105626981705427e-04
8.3105533849447966e-04
8.3104986697435379e-04
8.3104241639375687e-04
8.3103484939783812e-04
8.3102757344022393e-04
8.3101779455319047e-04
8.3100481424480677e-04
8.3098787581548095e-04
8.3096866728737950e-04
8.3094992442056537e-04
8.3093368448317051e-04
8.3092006389051676e-04
8.3090789848938584e-04
8.3089503459632397e-04
8.3088158862665296e-04
8.3086930681020021e-04
8.3085859660059214e-04
8.3084928337484598e-04
8.3084037760272622e-04
8.3083118079230189e-04
8.3082157652825117e-04
8.3081173943355680e-04
8.3080178592354059e-04
8.3079218165948987e-04
8.3078315947204828e-04
8.3077425369992852e-04
8.3076517330482602e-04
8.3075580187141895e-04
8.3074660506099463e-04
8.3073793211951852e-04
8.3072995766997337e-04
8.3072268171235919e-04
8.3071633707731962e-04
8.3071121480315924e-04
8.3070731488987803e-04
8.3070580149069428e-04
8.3070714026689529e-04
8.3071272820234299e-04
8.3072338020429015e-04
8.3074212307110429e-04
8.3077111048623919e-04
8.3081587217748165e-04
8.3088135579600930e-04
8.3097780589014292e-04
8.3111756248399615e-04
8.3132070722058415e-04
8.3161186194047332e-04
8.3203328540548682e-04
8.3263136912137270e-04
8.3349127089604735e-04
8.3468755474314094e-04
8.3636183990165591e-04
8.3856598939746618e-04
8.4143009735271335e-04
8.4469857392832637e-04
8.4816827438771725e-04
8.5070019122213125e-04
8.5157295688986778e-04
8.4936612984165549e-04
8.4460590733215213e-04
8.3836267003789544e-04
8.3314726362004876e-04
8.3062407793477178e-04
8.3112483844161034e-04
8.3357025869190693e-04
8.3624140825122595e-04
8.3771429490298033e-04
8.3722523413598537e-04
8.3523784996941686e-04
8.3274685312062502e-04
8.3095958689227700e-04
8.3045527571812272e-04
8.3109468687325716e-04
8.3222944522276521e-04
8.3311827620491385e-04
8.3331501809880137e-04
8.3275319775566459e-04
8.3179370267316699e-04
8.3088467363268137e-04
8.3039543824270368e-04
8.3040504250675440e-04
8.3075376460328698e-04
8.3116488531231880e-04
8.3139596972614527e-04
8.3134975284337997e-04
8.3106261445209384e-04
8.3068659296259284e-04
8.3036959404125810e-04
8.3021330647170544e-04
8.3022279432043433e-04
8.3033909322693944e-04
8.3047582302242517e-04
8.3055795403197408e-04
8.3055073628202081e-04
8.3045760402455926e-04
8.3032000111415982e-04
8.3018181612715125e-04
8.3008426008746028e-04
8.3004188491031528e-04
8.3005044143646955e-04
8.3008856745436788e-04
8.3013053517788649e-04
8.3015434211120009e-04
8.3014735719189048e-04
8.3011144306510687e-04
8.3005568012595177e-04
8.2999560981988907e-04
8.2994397962465882e-04
8.2990986993536353e-04
8.2989537622779608e-04
8.2989665679633617e-04
8.2990597002208233e-04
8.2991545787081122e-04
8.2991819363087416e-04
8.2991115050390363e-04
8.2989386282861233e-04
8.2986924098804593e-04
8.2984135951846838e-04
8.2981417654082179e-04
8.2979089347645640e-04
8.2977325655519962e-04
8.2976109115406871e-04
8.2975346595048904e-04
8.2974834367632866e-04
8.2974403630942106e-04
8.2973862299695611e-04
8.2973157986998558e-04
8.2972191739827394e-04
8.2971027586609125e-04
8.2969706272706389e-04
8.2968297647312284e-04
8.2966859918087721e-04
8.2965445471927524e-04
8.2964100874960423e-04
8.2962797023355961e-04
8.2961568841710687e-04
8.2960381405428052e-04
8.2959287101402879e-04
8.2958192797377706e-04
8.2957133417949080e-04
8.2956085680052638e-04
8.2955026300624013e-04
8.2954013487324119e-04
8.2952989032492042e-04
8.2951952936127782e-04
8.2950945943593979e-04
8.2949927309527993e-04
8.2948931958526373e-04
8.2947919145226479e-04
8.2946935435757041e-04
8.2945957547053695e-04
8.2944985479116440e-04
8.2944030873477459e-04
8.2943117013201118e-04
8.2942226435989141e-04
8.2941382424905896e-04
8.2940596621483564e-04
8.2939898129552603e-04
8.2939298590645194e-04
8.2938856212422252e-04
8.2938640844076872e-04
8.2938710693269968e-04
8.2939147250726819e-04
8.2940177526324987e-04
8.2941987784579396e-04
8.2944927271455526e-04
8.2949467469006777e-04
8.2956376718357205e-04
8.2966592162847519e-04
8.2981801824644208e-04
8.3004013868048787e-04
8.3036959404125810e-04
8.3084730431437492e-04
8.3155452739447355e-04
8.3256565267220140e-04
8.3404470933601260e-04
8.3608296699821949e-04
8.3894311683252454e-04
8.4252131637185812e-04
8.4697856800630689e-04
8.5126608610153198e-04
8.5489556659013033e-04
8.5532973753288388e-04
8.5238442989066243e-04
8.4534788038581610e-04
8.3739508409053087e-04
8.3131081191822886e-04
8.2935730461031199e-04
8.3126249955967069e-04
8.3497149171307683e-04
8.3800929132848978e-04
8.3849736256524920e-04
8.3642971003428102e-04
8.3296996308490634e-04
8.3015201380476356e-04
8.2918844418600202e-04
8.3008158253505826e-04
8.3180761430412531e-04
8.3308632019907236e-04
8.3316047675907612e-04
8.3203165559098125e-04
8.3045859355479479e-04
8.2928885240107775e-04
8.2902313442900777e-04
8.2954758545383811e-04
8.3033426199108362e-04
8.3082227502018213e-04
8.3071889821439981e-04
8.3013670518994331e-04
8.2942214794456959e-04
8.2894845400005579e-04
8.2888256292790174e-04
8.2914310041815042e-04
8.2949292846024036e-04
8.2969566574320197e-04
8.2964519970118999e-04
8.2938320701941848e-04
8.2905823364853859e-04
8.2881964044645429e-04
8.2874804502353072e-04
8.2882761489599943e-04
8.2897371612489223e-04
8.2908861804753542e-04
8.2910875789821148e-04
8.2903006114065647e-04
8.2889333134517074e-04
8.2875863881781697e-04
8.2867348100990057e-04
8.2865467993542552e-04
8.2868762547150254e-04
8.2873890642076731e-04
8.2877563545480371e-04
8.2877743989229202e-04
8.2874367944896221e-04
8.2868704339489341e-04
8.2862761337310076e-04
8.2858215318992734e-04
8.2855857908725739e-04
8.2855561049655080e-04
8.2856480730697513e-04
8.2857511006295681e-04
8.2857807865366340e-04
8.2856917288154364e-04
8.2854955689981580e-04
8.2852283958345652e-04
8.2849530735984445e-04
8.2847109297290444e-04
8.2845351425930858e-04
8.2844274584203959e-04
8.2843669224530458e-04
8.2843314157798886e-04
8.2842924166470766e-04
8.2842283882200718e-04
8.2841335097327828e-04
8.2840083632618189e-04
8.2838605158030987e-04
8.2837027730420232e-04
8.2835473585873842e-04
8.2834024215117097e-04
8.2832732005044818e-04
8.2831602776423097e-04
8.2830589963123202e-04
8.2829681923612952e-04
8.2828802987933159e-04
8.2827912410721183e-04
8.2826981088146567e-04
8.2826020661741495e-04
8.2824990386143327e-04
8.2823901902884245e-04
8.2822778495028615e-04
8.2821614341810346e-04
8.2820467650890350e-04
8.2819280214607716e-04
8.2818139344453812e-04
8.2817021757364273e-04
8.2815909991040826e-04
8.2814815687015653e-04
8.2813744666054845e-04
8.2812691107392311e-04
8.2811637548729777e-04
8.2810607273131609e-04
8.2809576997533441e-04
8.2808552542701364e-04
8.2807545550167561e-04
8.2806538557633758e-04
8.2805554848164320e-04
8.2804588600993156e-04
8.2803657278418541e-04
8.2802778342738748e-04
8.2801957614719868e-04
8.2801253302022815e-04
8.2800723612308502e-04
8.2800455857068300e-04
8.2800601376220584e-04
8.2801381358876824e-04
8.2803168334066868e-04
8.2806433783844113e-04
8.2812289474532008e-04
8.2821788964793086e-04
8.2837749505415559e-04
8.2862254930660129e-04
8.2902598660439253e-04
8.2960550207644701e-04
8.3052436821162701e-04
8.3166192052885890e-04
8.3326239837333560e-04
8.3455239655449986e-04
8.3571876166388392e-04
8.3517143502831459e-04
8.3375110989436507e-04
8.3139573689550161e-04
8.2983000902459025e-04
8.2974554970860481e-04
